//NFE=100
//SBX=0.16666666666666666
//DE=0.16666666666666666
//PCX=0.16666666666666666
//SPX=0.16666666666666666
//UNDX=0.16666666666666666
//UM=0.16666666666666666
//Improvements=4
//Restarts=0
//PopulationSize=100
//ArchiveSize=1
15.000000 15.000000 1095.000000 1070.000000 1050.000000 995.000000 975.000000 975.000000 975.000000 975.000000 2100000.000000 1900000.000000 1800000.000000 1100000.000000 550000.000000 550000.000000 350000.000000 350000.000000 3525.000000 3515.000000 3515.000000 3490.000000 3490.000000 1025.000000 1020.000000 1015.000000 1000.000000 980.000000 28.000000 38.000000 24.000000 6.000000 11.000000 0.000000 0.000000 0.000000 0.000000 0.000000 6860000.000000 6780000.000000 6390000.000000 6150000.000000 5400000.000000 2.000000 14.170000 8750076.380000 10.000000 -11989594.700000 50.210000 1042725.230000 2100000.000000 1750000.000000 -11.928750 0.000000 0.000000 0.000000 0.000000 0.000000 0.000000 0.000000
#
//NFE=101
//SBX=0.16666666666666666
//DE=0.16666666666666666
//PCX=0.16666666666666666
//SPX=0.16666666666666666
//UNDX=0.16666666666666666
//UM=0.16666666666666666
//Improvements=4
//Restarts=0
//PopulationSize=100
//ArchiveSize=1
15.000000 15.000000 1095.000000 1070.000000 1050.000000 995.000000 975.000000 975.000000 975.000000 975.000000 2100000.000000 1900000.000000 1800000.000000 1100000.000000 550000.000000 550000.000000 350000.000000 350000.000000 3525.000000 3515.000000 3515.000000 3490.000000 3490.000000 1025.000000 1020.000000 1015.000000 1000.000000 980.000000 28.000000 38.000000 24.000000 6.000000 11.000000 0.000000 0.000000 0.000000 0.000000 0.000000 6860000.000000 6780000.000000 6390000.000000 6150000.000000 5400000.000000 2.000000 14.170000 8750076.380000 10.000000 -11989594.700000 50.210000 1042725.230000 2100000.000000 1750000.000000 -11.928750 0.000000 0.000000 0.000000 0.000000 0.000000 0.000000 0.000000
#
//NFE=102
//SBX=0.16666666666666666
//DE=0.16666666666666666
//PCX=0.16666666666666666
//SPX=0.16666666666666666
//UNDX=0.16666666666666666
//UM=0.16666666666666666
//Improvements=4
//Restarts=0
//PopulationSize=100
//ArchiveSize=1
15.000000 15.000000 1095.000000 1070.000000 1050.000000 995.000000 975.000000 975.000000 975.000000 975.000000 2100000.000000 1900000.000000 1800000.000000 1100000.000000 550000.000000 550000.000000 350000.000000 350000.000000 3525.000000 3515.000000 3515.000000 3490.000000 3490.000000 1025.000000 1020.000000 1015.000000 1000.000000 980.000000 28.000000 38.000000 24.000000 6.000000 11.000000 0.000000 0.000000 0.000000 0.000000 0.000000 6860000.000000 6780000.000000 6390000.000000 6150000.000000 5400000.000000 2.000000 14.170000 8750076.380000 10.000000 -11989594.700000 50.210000 1042725.230000 2100000.000000 1750000.000000 -11.928750 0.000000 0.000000 0.000000 0.000000 0.000000 0.000000 0.000000
#
//NFE=103
//SBX=0.16666666666666666
//DE=0.16666666666666666
//PCX=0.16666666666666666
//SPX=0.16666666666666666
//UNDX=0.16666666666666666
//UM=0.16666666666666666
//Improvements=4
//Restarts=0
//PopulationSize=100
//ArchiveSize=1
15.000000 15.000000 1095.000000 1070.000000 1050.000000 995.000000 975.000000 975.000000 975.000000 975.000000 2100000.000000 1900000.000000 1800000.000000 1100000.000000 550000.000000 550000.000000 350000.000000 350000.000000 3525.000000 3515.000000 3515.000000 3490.000000 3490.000000 1025.000000 1020.000000 1015.000000 1000.000000 980.000000 28.000000 38.000000 24.000000 6.000000 11.000000 0.000000 0.000000 0.000000 0.000000 0.000000 6860000.000000 6780000.000000 6390000.000000 6150000.000000 5400000.000000 2.000000 14.170000 8750076.380000 10.000000 -11989594.700000 50.210000 1042725.230000 2100000.000000 1750000.000000 -11.928750 0.000000 0.000000 0.000000 0.000000 0.000000 0.000000 0.000000
#
//NFE=105
//SBX=0.16666666666666666
//DE=0.16666666666666666
//PCX=0.16666666666666666
//SPX=0.16666666666666666
//UNDX=0.16666666666666666
//UM=0.16666666666666666
//Improvements=4
//Restarts=0
//PopulationSize=100
//ArchiveSize=1
15.000000 15.000000 1095.000000 1070.000000 1050.000000 995.000000 975.000000 975.000000 975.000000 975.000000 2100000.000000 1900000.000000 1800000.000000 1100000.000000 550000.000000 550000.000000 350000.000000 350000.000000 3525.000000 3515.000000 3515.000000 3490.000000 3490.000000 1025.000000 1020.000000 1015.000000 1000.000000 980.000000 28.000000 38.000000 24.000000 6.000000 11.000000 0.000000 0.000000 0.000000 0.000000 0.000000 6860000.000000 6780000.000000 6390000.000000 6150000.000000 5400000.000000 2.000000 14.170000 8750076.380000 10.000000 -11989594.700000 50.210000 1042725.230000 2100000.000000 1750000.000000 -11.928750 0.000000 0.000000 0.000000 0.000000 0.000000 0.000000 0.000000
#
//NFE=107
//SBX=0.16666666666666666
//DE=0.16666666666666666
//PCX=0.16666666666666666
//SPX=0.16666666666666666
//UNDX=0.16666666666666666
//UM=0.16666666666666666
//Improvements=4
//Restarts=0
//PopulationSize=100
//ArchiveSize=1
15.000000 15.000000 1095.000000 1070.000000 1050.000000 995.000000 975.000000 975.000000 975.000000 975.000000 2100000.000000 1900000.000000 1800000.000000 1100000.000000 550000.000000 550000.000000 350000.000000 350000.000000 3525.000000 3515.000000 3515.000000 3490.000000 3490.000000 1025.000000 1020.000000 1015.000000 1000.000000 980.000000 28.000000 38.000000 24.000000 6.000000 11.000000 0.000000 0.000000 0.000000 0.000000 0.000000 6860000.000000 6780000.000000 6390000.000000 6150000.000000 5400000.000000 2.000000 14.170000 8750076.380000 10.000000 -11989594.700000 50.210000 1042725.230000 2100000.000000 1750000.000000 -11.928750 0.000000 0.000000 0.000000 0.000000 0.000000 0.000000 0.000000
#
//NFE=109
//SBX=0.16666666666666666
//DE=0.16666666666666666
//PCX=0.16666666666666666
//SPX=0.16666666666666666
//UNDX=0.16666666666666666
//UM=0.16666666666666666
//Improvements=4
//Restarts=0
//PopulationSize=100
//ArchiveSize=1
15.000000 15.000000 1095.000000 1070.000000 1050.000000 995.000000 975.000000 975.000000 975.000000 975.000000 2100000.000000 1900000.000000 1800000.000000 1100000.000000 550000.000000 550000.000000 350000.000000 350000.000000 3525.000000 3515.000000 3515.000000 3490.000000 3490.000000 1025.000000 1020.000000 1015.000000 1000.000000 980.000000 28.000000 38.000000 24.000000 6.000000 11.000000 0.000000 0.000000 0.000000 0.000000 0.000000 6860000.000000 6780000.000000 6390000.000000 6150000.000000 5400000.000000 2.000000 14.170000 8750076.380000 10.000000 -11989594.700000 50.210000 1042725.230000 2100000.000000 1750000.000000 -11.928750 0.000000 0.000000 0.000000 0.000000 0.000000 0.000000 0.000000
#
//NFE=111
//SBX=0.16666666666666666
//DE=0.16666666666666666
//PCX=0.16666666666666666
//SPX=0.16666666666666666
//UNDX=0.16666666666666666
//UM=0.16666666666666666
//Improvements=4
//Restarts=0
//PopulationSize=100
//ArchiveSize=1
15.000000 15.000000 1095.000000 1070.000000 1050.000000 995.000000 975.000000 975.000000 975.000000 975.000000 2100000.000000 1900000.000000 1800000.000000 1100000.000000 550000.000000 550000.000000 350000.000000 350000.000000 3525.000000 3515.000000 3515.000000 3490.000000 3490.000000 1025.000000 1020.000000 1015.000000 1000.000000 980.000000 28.000000 38.000000 24.000000 6.000000 11.000000 0.000000 0.000000 0.000000 0.000000 0.000000 6860000.000000 6780000.000000 6390000.000000 6150000.000000 5400000.000000 2.000000 14.170000 8750076.380000 10.000000 -11989594.700000 50.210000 1042725.230000 2100000.000000 1750000.000000 -11.928750 0.000000 0.000000 0.000000 0.000000 0.000000 0.000000 0.000000
#
//NFE=113
//SBX=0.16666666666666666
//DE=0.16666666666666666
//PCX=0.16666666666666666
//SPX=0.16666666666666666
//UNDX=0.16666666666666666
//UM=0.16666666666666666
//Improvements=4
//Restarts=0
//PopulationSize=100
//ArchiveSize=1
15.000000 15.000000 1095.000000 1070.000000 1050.000000 995.000000 975.000000 975.000000 975.000000 975.000000 2100000.000000 1900000.000000 1800000.000000 1100000.000000 550000.000000 550000.000000 350000.000000 350000.000000 3525.000000 3515.000000 3515.000000 3490.000000 3490.000000 1025.000000 1020.000000 1015.000000 1000.000000 980.000000 28.000000 38.000000 24.000000 6.000000 11.000000 0.000000 0.000000 0.000000 0.000000 0.000000 6860000.000000 6780000.000000 6390000.000000 6150000.000000 5400000.000000 2.000000 14.170000 8750076.380000 10.000000 -11989594.700000 50.210000 1042725.230000 2100000.000000 1750000.000000 -11.928750 0.000000 0.000000 0.000000 0.000000 0.000000 0.000000 0.000000
#
//NFE=114
//SBX=0.16666666666666666
//DE=0.16666666666666666
//PCX=0.16666666666666666
//SPX=0.16666666666666666
//UNDX=0.16666666666666666
//UM=0.16666666666666666
//Improvements=4
//Restarts=0
//PopulationSize=100
//ArchiveSize=1
15.000000 15.000000 1095.000000 1070.000000 1050.000000 995.000000 975.000000 975.000000 975.000000 975.000000 2100000.000000 1900000.000000 1800000.000000 1100000.000000 550000.000000 550000.000000 350000.000000 350000.000000 3525.000000 3515.000000 3515.000000 3490.000000 3490.000000 1025.000000 1020.000000 1015.000000 1000.000000 980.000000 28.000000 38.000000 24.000000 6.000000 11.000000 0.000000 0.000000 0.000000 0.000000 0.000000 6860000.000000 6780000.000000 6390000.000000 6150000.000000 5400000.000000 2.000000 14.170000 8750076.380000 10.000000 -11989594.700000 50.210000 1042725.230000 2100000.000000 1750000.000000 -11.928750 0.000000 0.000000 0.000000 0.000000 0.000000 0.000000 0.000000
#
//NFE=116
//SBX=0.16666666666666666
//DE=0.16666666666666666
//PCX=0.16666666666666666
//SPX=0.16666666666666666
//UNDX=0.16666666666666666
//UM=0.16666666666666666
//Improvements=4
//Restarts=0
//PopulationSize=100
//ArchiveSize=1
15.000000 15.000000 1095.000000 1070.000000 1050.000000 995.000000 975.000000 975.000000 975.000000 975.000000 2100000.000000 1900000.000000 1800000.000000 1100000.000000 550000.000000 550000.000000 350000.000000 350000.000000 3525.000000 3515.000000 3515.000000 3490.000000 3490.000000 1025.000000 1020.000000 1015.000000 1000.000000 980.000000 28.000000 38.000000 24.000000 6.000000 11.000000 0.000000 0.000000 0.000000 0.000000 0.000000 6860000.000000 6780000.000000 6390000.000000 6150000.000000 5400000.000000 2.000000 14.170000 8750076.380000 10.000000 -11989594.700000 50.210000 1042725.230000 2100000.000000 1750000.000000 -11.928750 0.000000 0.000000 0.000000 0.000000 0.000000 0.000000 0.000000
#
//NFE=118
//SBX=0.16666666666666666
//DE=0.16666666666666666
//PCX=0.16666666666666666
//SPX=0.16666666666666666
//UNDX=0.16666666666666666
//UM=0.16666666666666666
//Improvements=4
//Restarts=0
//PopulationSize=100
//ArchiveSize=1
15.000000 15.000000 1095.000000 1070.000000 1050.000000 995.000000 975.000000 975.000000 975.000000 975.000000 2100000.000000 1900000.000000 1800000.000000 1100000.000000 550000.000000 550000.000000 350000.000000 350000.000000 3525.000000 3515.000000 3515.000000 3490.000000 3490.000000 1025.000000 1020.000000 1015.000000 1000.000000 980.000000 28.000000 38.000000 24.000000 6.000000 11.000000 0.000000 0.000000 0.000000 0.000000 0.000000 6860000.000000 6780000.000000 6390000.000000 6150000.000000 5400000.000000 2.000000 14.170000 8750076.380000 10.000000 -11989594.700000 50.210000 1042725.230000 2100000.000000 1750000.000000 -11.928750 0.000000 0.000000 0.000000 0.000000 0.000000 0.000000 0.000000
#
//NFE=119
//SBX=0.16666666666666666
//DE=0.16666666666666666
//PCX=0.16666666666666666
//SPX=0.16666666666666666
//UNDX=0.16666666666666666
//UM=0.16666666666666666
//Improvements=4
//Restarts=0
//PopulationSize=100
//ArchiveSize=1
15.000000 15.000000 1095.000000 1070.000000 1050.000000 995.000000 975.000000 975.000000 975.000000 975.000000 2100000.000000 1900000.000000 1800000.000000 1100000.000000 550000.000000 550000.000000 350000.000000 350000.000000 3525.000000 3515.000000 3515.000000 3490.000000 3490.000000 1025.000000 1020.000000 1015.000000 1000.000000 980.000000 28.000000 38.000000 24.000000 6.000000 11.000000 0.000000 0.000000 0.000000 0.000000 0.000000 6860000.000000 6780000.000000 6390000.000000 6150000.000000 5400000.000000 2.000000 14.170000 8750076.380000 10.000000 -11989594.700000 50.210000 1042725.230000 2100000.000000 1750000.000000 -11.928750 0.000000 0.000000 0.000000 0.000000 0.000000 0.000000 0.000000
#
//NFE=121
//SBX=0.16666666666666666
//DE=0.16666666666666666
//PCX=0.16666666666666666
//SPX=0.16666666666666666
//UNDX=0.16666666666666666
//UM=0.16666666666666666
//Improvements=4
//Restarts=0
//PopulationSize=100
//ArchiveSize=1
15.000000 15.000000 1095.000000 1070.000000 1050.000000 995.000000 975.000000 975.000000 975.000000 975.000000 2100000.000000 1900000.000000 1800000.000000 1100000.000000 550000.000000 550000.000000 350000.000000 350000.000000 3525.000000 3515.000000 3515.000000 3490.000000 3490.000000 1025.000000 1020.000000 1015.000000 1000.000000 980.000000 28.000000 38.000000 24.000000 6.000000 11.000000 0.000000 0.000000 0.000000 0.000000 0.000000 6860000.000000 6780000.000000 6390000.000000 6150000.000000 5400000.000000 2.000000 14.170000 8750076.380000 10.000000 -11989594.700000 50.210000 1042725.230000 2100000.000000 1750000.000000 -11.928750 0.000000 0.000000 0.000000 0.000000 0.000000 0.000000 0.000000
#
//NFE=123
//SBX=0.16666666666666666
//DE=0.16666666666666666
//PCX=0.16666666666666666
//SPX=0.16666666666666666
//UNDX=0.16666666666666666
//UM=0.16666666666666666
//Improvements=4
//Restarts=0
//PopulationSize=100
//ArchiveSize=1
15.000000 15.000000 1095.000000 1070.000000 1050.000000 995.000000 975.000000 975.000000 975.000000 975.000000 2100000.000000 1900000.000000 1800000.000000 1100000.000000 550000.000000 550000.000000 350000.000000 350000.000000 3525.000000 3515.000000 3515.000000 3490.000000 3490.000000 1025.000000 1020.000000 1015.000000 1000.000000 980.000000 28.000000 38.000000 24.000000 6.000000 11.000000 0.000000 0.000000 0.000000 0.000000 0.000000 6860000.000000 6780000.000000 6390000.000000 6150000.000000 5400000.000000 2.000000 14.170000 8750076.380000 10.000000 -11989594.700000 50.210000 1042725.230000 2100000.000000 1750000.000000 -11.928750 0.000000 0.000000 0.000000 0.000000 0.000000 0.000000 0.000000
#
//NFE=124
//SBX=0.16666666666666666
//DE=0.16666666666666666
//PCX=0.16666666666666666
//SPX=0.16666666666666666
//UNDX=0.16666666666666666
//UM=0.16666666666666666
//Improvements=4
//Restarts=0
//PopulationSize=100
//ArchiveSize=1
15.000000 15.000000 1095.000000 1070.000000 1050.000000 995.000000 975.000000 975.000000 975.000000 975.000000 2100000.000000 1900000.000000 1800000.000000 1100000.000000 550000.000000 550000.000000 350000.000000 350000.000000 3525.000000 3515.000000 3515.000000 3490.000000 3490.000000 1025.000000 1020.000000 1015.000000 1000.000000 980.000000 28.000000 38.000000 24.000000 6.000000 11.000000 0.000000 0.000000 0.000000 0.000000 0.000000 6860000.000000 6780000.000000 6390000.000000 6150000.000000 5400000.000000 2.000000 14.170000 8750076.380000 10.000000 -11989594.700000 50.210000 1042725.230000 2100000.000000 1750000.000000 -11.928750 0.000000 0.000000 0.000000 0.000000 0.000000 0.000000 0.000000
#
//NFE=125
//SBX=0.16666666666666666
//DE=0.16666666666666666
//PCX=0.16666666666666666
//SPX=0.16666666666666666
//UNDX=0.16666666666666666
//UM=0.16666666666666666
//Improvements=4
//Restarts=0
//PopulationSize=100
//ArchiveSize=1
15.000000 15.000000 1095.000000 1070.000000 1050.000000 995.000000 975.000000 975.000000 975.000000 975.000000 2100000.000000 1900000.000000 1800000.000000 1100000.000000 550000.000000 550000.000000 350000.000000 350000.000000 3525.000000 3515.000000 3515.000000 3490.000000 3490.000000 1025.000000 1020.000000 1015.000000 1000.000000 980.000000 28.000000 38.000000 24.000000 6.000000 11.000000 0.000000 0.000000 0.000000 0.000000 0.000000 6860000.000000 6780000.000000 6390000.000000 6150000.000000 5400000.000000 2.000000 14.170000 8750076.380000 10.000000 -11989594.700000 50.210000 1042725.230000 2100000.000000 1750000.000000 -11.928750 0.000000 0.000000 0.000000 0.000000 0.000000 0.000000 0.000000
#
//NFE=126
//SBX=0.16666666666666666
//DE=0.16666666666666666
//PCX=0.16666666666666666
//SPX=0.16666666666666666
//UNDX=0.16666666666666666
//UM=0.16666666666666666
//Improvements=4
//Restarts=0
//PopulationSize=100
//ArchiveSize=1
15.000000 15.000000 1095.000000 1070.000000 1050.000000 995.000000 975.000000 975.000000 975.000000 975.000000 2100000.000000 1900000.000000 1800000.000000 1100000.000000 550000.000000 550000.000000 350000.000000 350000.000000 3525.000000 3515.000000 3515.000000 3490.000000 3490.000000 1025.000000 1020.000000 1015.000000 1000.000000 980.000000 28.000000 38.000000 24.000000 6.000000 11.000000 0.000000 0.000000 0.000000 0.000000 0.000000 6860000.000000 6780000.000000 6390000.000000 6150000.000000 5400000.000000 2.000000 14.170000 8750076.380000 10.000000 -11989594.700000 50.210000 1042725.230000 2100000.000000 1750000.000000 -11.928750 0.000000 0.000000 0.000000 0.000000 0.000000 0.000000 0.000000
#
//NFE=127
//SBX=0.16666666666666666
//DE=0.16666666666666666
//PCX=0.16666666666666666
//SPX=0.16666666666666666
//UNDX=0.16666666666666666
//UM=0.16666666666666666
//Improvements=4
//Restarts=0
//PopulationSize=100
//ArchiveSize=1
15.000000 15.000000 1095.000000 1070.000000 1050.000000 995.000000 975.000000 975.000000 975.000000 975.000000 2100000.000000 1900000.000000 1800000.000000 1100000.000000 550000.000000 550000.000000 350000.000000 350000.000000 3525.000000 3515.000000 3515.000000 3490.000000 3490.000000 1025.000000 1020.000000 1015.000000 1000.000000 980.000000 28.000000 38.000000 24.000000 6.000000 11.000000 0.000000 0.000000 0.000000 0.000000 0.000000 6860000.000000 6780000.000000 6390000.000000 6150000.000000 5400000.000000 2.000000 14.170000 8750076.380000 10.000000 -11989594.700000 50.210000 1042725.230000 2100000.000000 1750000.000000 -11.928750 0.000000 0.000000 0.000000 0.000000 0.000000 0.000000 0.000000
#
//NFE=128
//SBX=0.16666666666666666
//DE=0.16666666666666666
//PCX=0.16666666666666666
//SPX=0.16666666666666666
//UNDX=0.16666666666666666
//UM=0.16666666666666666
//Improvements=4
//Restarts=0
//PopulationSize=100
//ArchiveSize=1
15.000000 15.000000 1095.000000 1070.000000 1050.000000 995.000000 975.000000 975.000000 975.000000 975.000000 2100000.000000 1900000.000000 1800000.000000 1100000.000000 550000.000000 550000.000000 350000.000000 350000.000000 3525.000000 3515.000000 3515.000000 3490.000000 3490.000000 1025.000000 1020.000000 1015.000000 1000.000000 980.000000 28.000000 38.000000 24.000000 6.000000 11.000000 0.000000 0.000000 0.000000 0.000000 0.000000 6860000.000000 6780000.000000 6390000.000000 6150000.000000 5400000.000000 2.000000 14.170000 8750076.380000 10.000000 -11989594.700000 50.210000 1042725.230000 2100000.000000 1750000.000000 -11.928750 0.000000 0.000000 0.000000 0.000000 0.000000 0.000000 0.000000
#
//NFE=130
//SBX=0.16666666666666666
//DE=0.16666666666666666
//PCX=0.16666666666666666
//SPX=0.16666666666666666
//UNDX=0.16666666666666666
//UM=0.16666666666666666
//Improvements=4
//Restarts=0
//PopulationSize=100
//ArchiveSize=1
15.000000 15.000000 1095.000000 1070.000000 1050.000000 995.000000 975.000000 975.000000 975.000000 975.000000 2100000.000000 1900000.000000 1800000.000000 1100000.000000 550000.000000 550000.000000 350000.000000 350000.000000 3525.000000 3515.000000 3515.000000 3490.000000 3490.000000 1025.000000 1020.000000 1015.000000 1000.000000 980.000000 28.000000 38.000000 24.000000 6.000000 11.000000 0.000000 0.000000 0.000000 0.000000 0.000000 6860000.000000 6780000.000000 6390000.000000 6150000.000000 5400000.000000 2.000000 14.170000 8750076.380000 10.000000 -11989594.700000 50.210000 1042725.230000 2100000.000000 1750000.000000 -11.928750 0.000000 0.000000 0.000000 0.000000 0.000000 0.000000 0.000000
#
//NFE=132
//SBX=0.16666666666666666
//DE=0.16666666666666666
//PCX=0.16666666666666666
//SPX=0.16666666666666666
//UNDX=0.16666666666666666
//UM=0.16666666666666666
//Improvements=4
//Restarts=0
//PopulationSize=100
//ArchiveSize=1
15.000000 15.000000 1095.000000 1070.000000 1050.000000 995.000000 975.000000 975.000000 975.000000 975.000000 2100000.000000 1900000.000000 1800000.000000 1100000.000000 550000.000000 550000.000000 350000.000000 350000.000000 3525.000000 3515.000000 3515.000000 3490.000000 3490.000000 1025.000000 1020.000000 1015.000000 1000.000000 980.000000 28.000000 38.000000 24.000000 6.000000 11.000000 0.000000 0.000000 0.000000 0.000000 0.000000 6860000.000000 6780000.000000 6390000.000000 6150000.000000 5400000.000000 2.000000 14.170000 8750076.380000 10.000000 -11989594.700000 50.210000 1042725.230000 2100000.000000 1750000.000000 -11.928750 0.000000 0.000000 0.000000 0.000000 0.000000 0.000000 0.000000
#
//NFE=133
//SBX=0.16666666666666666
//DE=0.16666666666666666
//PCX=0.16666666666666666
//SPX=0.16666666666666666
//UNDX=0.16666666666666666
//UM=0.16666666666666666
//Improvements=4
//Restarts=0
//PopulationSize=100
//ArchiveSize=1
15.000000 15.000000 1095.000000 1070.000000 1050.000000 995.000000 975.000000 975.000000 975.000000 975.000000 2100000.000000 1900000.000000 1800000.000000 1100000.000000 550000.000000 550000.000000 350000.000000 350000.000000 3525.000000 3515.000000 3515.000000 3490.000000 3490.000000 1025.000000 1020.000000 1015.000000 1000.000000 980.000000 28.000000 38.000000 24.000000 6.000000 11.000000 0.000000 0.000000 0.000000 0.000000 0.000000 6860000.000000 6780000.000000 6390000.000000 6150000.000000 5400000.000000 2.000000 14.170000 8750076.380000 10.000000 -11989594.700000 50.210000 1042725.230000 2100000.000000 1750000.000000 -11.928750 0.000000 0.000000 0.000000 0.000000 0.000000 0.000000 0.000000
#
//NFE=135
//SBX=0.16666666666666666
//DE=0.16666666666666666
//PCX=0.16666666666666666
//SPX=0.16666666666666666
//UNDX=0.16666666666666666
//UM=0.16666666666666666
//Improvements=4
//Restarts=0
//PopulationSize=100
//ArchiveSize=1
15.000000 15.000000 1095.000000 1070.000000 1050.000000 995.000000 975.000000 975.000000 975.000000 975.000000 2100000.000000 1900000.000000 1800000.000000 1100000.000000 550000.000000 550000.000000 350000.000000 350000.000000 3525.000000 3515.000000 3515.000000 3490.000000 3490.000000 1025.000000 1020.000000 1015.000000 1000.000000 980.000000 28.000000 38.000000 24.000000 6.000000 11.000000 0.000000 0.000000 0.000000 0.000000 0.000000 6860000.000000 6780000.000000 6390000.000000 6150000.000000 5400000.000000 2.000000 14.170000 8750076.380000 10.000000 -11989594.700000 50.210000 1042725.230000 2100000.000000 1750000.000000 -11.928750 0.000000 0.000000 0.000000 0.000000 0.000000 0.000000 0.000000
#
//NFE=137
//SBX=0.16666666666666666
//DE=0.16666666666666666
//PCX=0.16666666666666666
//SPX=0.16666666666666666
//UNDX=0.16666666666666666
//UM=0.16666666666666666
//Improvements=4
//Restarts=0
//PopulationSize=100
//ArchiveSize=1
15.000000 15.000000 1095.000000 1070.000000 1050.000000 995.000000 975.000000 975.000000 975.000000 975.000000 2100000.000000 1900000.000000 1800000.000000 1100000.000000 550000.000000 550000.000000 350000.000000 350000.000000 3525.000000 3515.000000 3515.000000 3490.000000 3490.000000 1025.000000 1020.000000 1015.000000 1000.000000 980.000000 28.000000 38.000000 24.000000 6.000000 11.000000 0.000000 0.000000 0.000000 0.000000 0.000000 6860000.000000 6780000.000000 6390000.000000 6150000.000000 5400000.000000 2.000000 14.170000 8750076.380000 10.000000 -11989594.700000 50.210000 1042725.230000 2100000.000000 1750000.000000 -11.928750 0.000000 0.000000 0.000000 0.000000 0.000000 0.000000 0.000000
#
//NFE=139
//SBX=0.16666666666666666
//DE=0.16666666666666666
//PCX=0.16666666666666666
//SPX=0.16666666666666666
//UNDX=0.16666666666666666
//UM=0.16666666666666666
//Improvements=4
//Restarts=0
//PopulationSize=100
//ArchiveSize=1
15.000000 15.000000 1095.000000 1070.000000 1050.000000 995.000000 975.000000 975.000000 975.000000 975.000000 2100000.000000 1900000.000000 1800000.000000 1100000.000000 550000.000000 550000.000000 350000.000000 350000.000000 3525.000000 3515.000000 3515.000000 3490.000000 3490.000000 1025.000000 1020.000000 1015.000000 1000.000000 980.000000 28.000000 38.000000 24.000000 6.000000 11.000000 0.000000 0.000000 0.000000 0.000000 0.000000 6860000.000000 6780000.000000 6390000.000000 6150000.000000 5400000.000000 2.000000 14.170000 8750076.380000 10.000000 -11989594.700000 50.210000 1042725.230000 2100000.000000 1750000.000000 -11.928750 0.000000 0.000000 0.000000 0.000000 0.000000 0.000000 0.000000
#
//NFE=141
//SBX=0.16666666666666666
//DE=0.16666666666666666
//PCX=0.16666666666666666
//SPX=0.16666666666666666
//UNDX=0.16666666666666666
//UM=0.16666666666666666
//Improvements=4
//Restarts=0
//PopulationSize=100
//ArchiveSize=1
15.000000 15.000000 1095.000000 1070.000000 1050.000000 995.000000 975.000000 975.000000 975.000000 975.000000 2100000.000000 1900000.000000 1800000.000000 1100000.000000 550000.000000 550000.000000 350000.000000 350000.000000 3525.000000 3515.000000 3515.000000 3490.000000 3490.000000 1025.000000 1020.000000 1015.000000 1000.000000 980.000000 28.000000 38.000000 24.000000 6.000000 11.000000 0.000000 0.000000 0.000000 0.000000 0.000000 6860000.000000 6780000.000000 6390000.000000 6150000.000000 5400000.000000 2.000000 14.170000 8750076.380000 10.000000 -11989594.700000 50.210000 1042725.230000 2100000.000000 1750000.000000 -11.928750 0.000000 0.000000 0.000000 0.000000 0.000000 0.000000 0.000000
#
//NFE=143
//SBX=0.16666666666666666
//DE=0.16666666666666666
//PCX=0.16666666666666666
//SPX=0.16666666666666666
//UNDX=0.16666666666666666
//UM=0.16666666666666666
//Improvements=4
//Restarts=0
//PopulationSize=100
//ArchiveSize=1
15.000000 15.000000 1095.000000 1070.000000 1050.000000 995.000000 975.000000 975.000000 975.000000 975.000000 2100000.000000 1900000.000000 1800000.000000 1100000.000000 550000.000000 550000.000000 350000.000000 350000.000000 3525.000000 3515.000000 3515.000000 3490.000000 3490.000000 1025.000000 1020.000000 1015.000000 1000.000000 980.000000 28.000000 38.000000 24.000000 6.000000 11.000000 0.000000 0.000000 0.000000 0.000000 0.000000 6860000.000000 6780000.000000 6390000.000000 6150000.000000 5400000.000000 2.000000 14.170000 8750076.380000 10.000000 -11989594.700000 50.210000 1042725.230000 2100000.000000 1750000.000000 -11.928750 0.000000 0.000000 0.000000 0.000000 0.000000 0.000000 0.000000
#
//NFE=144
//SBX=0.16666666666666666
//DE=0.16666666666666666
//PCX=0.16666666666666666
//SPX=0.16666666666666666
//UNDX=0.16666666666666666
//UM=0.16666666666666666
//Improvements=4
//Restarts=0
//PopulationSize=100
//ArchiveSize=1
15.000000 15.000000 1095.000000 1070.000000 1050.000000 995.000000 975.000000 975.000000 975.000000 975.000000 2100000.000000 1900000.000000 1800000.000000 1100000.000000 550000.000000 550000.000000 350000.000000 350000.000000 3525.000000 3515.000000 3515.000000 3490.000000 3490.000000 1025.000000 1020.000000 1015.000000 1000.000000 980.000000 28.000000 38.000000 24.000000 6.000000 11.000000 0.000000 0.000000 0.000000 0.000000 0.000000 6860000.000000 6780000.000000 6390000.000000 6150000.000000 5400000.000000 2.000000 14.170000 8750076.380000 10.000000 -11989594.700000 50.210000 1042725.230000 2100000.000000 1750000.000000 -11.928750 0.000000 0.000000 0.000000 0.000000 0.000000 0.000000 0.000000
#
//NFE=145
//SBX=0.16666666666666666
//DE=0.16666666666666666
//PCX=0.16666666666666666
//SPX=0.16666666666666666
//UNDX=0.16666666666666666
//UM=0.16666666666666666
//Improvements=4
//Restarts=0
//PopulationSize=100
//ArchiveSize=1
15.000000 15.000000 1095.000000 1070.000000 1050.000000 995.000000 975.000000 975.000000 975.000000 975.000000 2100000.000000 1900000.000000 1800000.000000 1100000.000000 550000.000000 550000.000000 350000.000000 350000.000000 3525.000000 3515.000000 3515.000000 3490.000000 3490.000000 1025.000000 1020.000000 1015.000000 1000.000000 980.000000 28.000000 38.000000 24.000000 6.000000 11.000000 0.000000 0.000000 0.000000 0.000000 0.000000 6860000.000000 6780000.000000 6390000.000000 6150000.000000 5400000.000000 2.000000 14.170000 8750076.380000 10.000000 -11989594.700000 50.210000 1042725.230000 2100000.000000 1750000.000000 -11.928750 0.000000 0.000000 0.000000 0.000000 0.000000 0.000000 0.000000
#
//NFE=146
//SBX=0.16666666666666666
//DE=0.16666666666666666
//PCX=0.16666666666666666
//SPX=0.16666666666666666
//UNDX=0.16666666666666666
//UM=0.16666666666666666
//Improvements=4
//Restarts=0
//PopulationSize=100
//ArchiveSize=1
15.000000 15.000000 1095.000000 1070.000000 1050.000000 995.000000 975.000000 975.000000 975.000000 975.000000 2100000.000000 1900000.000000 1800000.000000 1100000.000000 550000.000000 550000.000000 350000.000000 350000.000000 3525.000000 3515.000000 3515.000000 3490.000000 3490.000000 1025.000000 1020.000000 1015.000000 1000.000000 980.000000 28.000000 38.000000 24.000000 6.000000 11.000000 0.000000 0.000000 0.000000 0.000000 0.000000 6860000.000000 6780000.000000 6390000.000000 6150000.000000 5400000.000000 2.000000 14.170000 8750076.380000 10.000000 -11989594.700000 50.210000 1042725.230000 2100000.000000 1750000.000000 -11.928750 0.000000 0.000000 0.000000 0.000000 0.000000 0.000000 0.000000
#
//NFE=148
//SBX=0.16666666666666666
//DE=0.16666666666666666
//PCX=0.16666666666666666
//SPX=0.16666666666666666
//UNDX=0.16666666666666666
//UM=0.16666666666666666
//Improvements=4
//Restarts=0
//PopulationSize=100
//ArchiveSize=1
15.000000 15.000000 1095.000000 1070.000000 1050.000000 995.000000 975.000000 975.000000 975.000000 975.000000 2100000.000000 1900000.000000 1800000.000000 1100000.000000 550000.000000 550000.000000 350000.000000 350000.000000 3525.000000 3515.000000 3515.000000 3490.000000 3490.000000 1025.000000 1020.000000 1015.000000 1000.000000 980.000000 28.000000 38.000000 24.000000 6.000000 11.000000 0.000000 0.000000 0.000000 0.000000 0.000000 6860000.000000 6780000.000000 6390000.000000 6150000.000000 5400000.000000 2.000000 14.170000 8750076.380000 10.000000 -11989594.700000 50.210000 1042725.230000 2100000.000000 1750000.000000 -11.928750 0.000000 0.000000 0.000000 0.000000 0.000000 0.000000 0.000000
#
//NFE=150
//SBX=0.16666666666666666
//DE=0.16666666666666666
//PCX=0.16666666666666666
//SPX=0.16666666666666666
//UNDX=0.16666666666666666
//UM=0.16666666666666666
//Improvements=4
//Restarts=0
//PopulationSize=100
//ArchiveSize=1
15.000000 15.000000 1095.000000 1070.000000 1050.000000 995.000000 975.000000 975.000000 975.000000 975.000000 2100000.000000 1900000.000000 1800000.000000 1100000.000000 550000.000000 550000.000000 350000.000000 350000.000000 3525.000000 3515.000000 3515.000000 3490.000000 3490.000000 1025.000000 1020.000000 1015.000000 1000.000000 980.000000 28.000000 38.000000 24.000000 6.000000 11.000000 0.000000 0.000000 0.000000 0.000000 0.000000 6860000.000000 6780000.000000 6390000.000000 6150000.000000 5400000.000000 2.000000 14.170000 8750076.380000 10.000000 -11989594.700000 50.210000 1042725.230000 2100000.000000 1750000.000000 -11.928750 0.000000 0.000000 0.000000 0.000000 0.000000 0.000000 0.000000
#
//NFE=152
//SBX=0.16666666666666666
//DE=0.16666666666666666
//PCX=0.16666666666666666
//SPX=0.16666666666666666
//UNDX=0.16666666666666666
//UM=0.16666666666666666
//Improvements=4
//Restarts=0
//PopulationSize=100
//ArchiveSize=1
15.000000 15.000000 1095.000000 1070.000000 1050.000000 995.000000 975.000000 975.000000 975.000000 975.000000 2100000.000000 1900000.000000 1800000.000000 1100000.000000 550000.000000 550000.000000 350000.000000 350000.000000 3525.000000 3515.000000 3515.000000 3490.000000 3490.000000 1025.000000 1020.000000 1015.000000 1000.000000 980.000000 28.000000 38.000000 24.000000 6.000000 11.000000 0.000000 0.000000 0.000000 0.000000 0.000000 6860000.000000 6780000.000000 6390000.000000 6150000.000000 5400000.000000 2.000000 14.170000 8750076.380000 10.000000 -11989594.700000 50.210000 1042725.230000 2100000.000000 1750000.000000 -11.928750 0.000000 0.000000 0.000000 0.000000 0.000000 0.000000 0.000000
#
//NFE=153
//SBX=0.16666666666666666
//DE=0.16666666666666666
//PCX=0.16666666666666666
//SPX=0.16666666666666666
//UNDX=0.16666666666666666
//UM=0.16666666666666666
//Improvements=4
//Restarts=0
//PopulationSize=100
//ArchiveSize=1
15.000000 15.000000 1095.000000 1070.000000 1050.000000 995.000000 975.000000 975.000000 975.000000 975.000000 2100000.000000 1900000.000000 1800000.000000 1100000.000000 550000.000000 550000.000000 350000.000000 350000.000000 3525.000000 3515.000000 3515.000000 3490.000000 3490.000000 1025.000000 1020.000000 1015.000000 1000.000000 980.000000 28.000000 38.000000 24.000000 6.000000 11.000000 0.000000 0.000000 0.000000 0.000000 0.000000 6860000.000000 6780000.000000 6390000.000000 6150000.000000 5400000.000000 2.000000 14.170000 8750076.380000 10.000000 -11989594.700000 50.210000 1042725.230000 2100000.000000 1750000.000000 -11.928750 0.000000 0.000000 0.000000 0.000000 0.000000 0.000000 0.000000
#
//NFE=154
//SBX=0.16666666666666666
//DE=0.16666666666666666
//PCX=0.16666666666666666
//SPX=0.16666666666666666
//UNDX=0.16666666666666666
//UM=0.16666666666666666
//Improvements=4
//Restarts=0
//PopulationSize=100
//ArchiveSize=1
15.000000 15.000000 1095.000000 1070.000000 1050.000000 995.000000 975.000000 975.000000 975.000000 975.000000 2100000.000000 1900000.000000 1800000.000000 1100000.000000 550000.000000 550000.000000 350000.000000 350000.000000 3525.000000 3515.000000 3515.000000 3490.000000 3490.000000 1025.000000 1020.000000 1015.000000 1000.000000 980.000000 28.000000 38.000000 24.000000 6.000000 11.000000 0.000000 0.000000 0.000000 0.000000 0.000000 6860000.000000 6780000.000000 6390000.000000 6150000.000000 5400000.000000 2.000000 14.170000 8750076.380000 10.000000 -11989594.700000 50.210000 1042725.230000 2100000.000000 1750000.000000 -11.928750 0.000000 0.000000 0.000000 0.000000 0.000000 0.000000 0.000000
#
//NFE=155
//SBX=0.16666666666666666
//DE=0.16666666666666666
//PCX=0.16666666666666666
//SPX=0.16666666666666666
//UNDX=0.16666666666666666
//UM=0.16666666666666666
//Improvements=4
//Restarts=0
//PopulationSize=100
//ArchiveSize=1
15.000000 15.000000 1095.000000 1070.000000 1050.000000 995.000000 975.000000 975.000000 975.000000 975.000000 2100000.000000 1900000.000000 1800000.000000 1100000.000000 550000.000000 550000.000000 350000.000000 350000.000000 3525.000000 3515.000000 3515.000000 3490.000000 3490.000000 1025.000000 1020.000000 1015.000000 1000.000000 980.000000 28.000000 38.000000 24.000000 6.000000 11.000000 0.000000 0.000000 0.000000 0.000000 0.000000 6860000.000000 6780000.000000 6390000.000000 6150000.000000 5400000.000000 2.000000 14.170000 8750076.380000 10.000000 -11989594.700000 50.210000 1042725.230000 2100000.000000 1750000.000000 -11.928750 0.000000 0.000000 0.000000 0.000000 0.000000 0.000000 0.000000
#
//NFE=157
//SBX=0.16666666666666666
//DE=0.16666666666666666
//PCX=0.16666666666666666
//SPX=0.16666666666666666
//UNDX=0.16666666666666666
//UM=0.16666666666666666
//Improvements=4
//Restarts=0
//PopulationSize=100
//ArchiveSize=1
15.000000 15.000000 1095.000000 1070.000000 1050.000000 995.000000 975.000000 975.000000 975.000000 975.000000 2100000.000000 1900000.000000 1800000.000000 1100000.000000 550000.000000 550000.000000 350000.000000 350000.000000 3525.000000 3515.000000 3515.000000 3490.000000 3490.000000 1025.000000 1020.000000 1015.000000 1000.000000 980.000000 28.000000 38.000000 24.000000 6.000000 11.000000 0.000000 0.000000 0.000000 0.000000 0.000000 6860000.000000 6780000.000000 6390000.000000 6150000.000000 5400000.000000 2.000000 14.170000 8750076.380000 10.000000 -11989594.700000 50.210000 1042725.230000 2100000.000000 1750000.000000 -11.928750 0.000000 0.000000 0.000000 0.000000 0.000000 0.000000 0.000000
#
//NFE=159
//SBX=0.16666666666666666
//DE=0.16666666666666666
//PCX=0.16666666666666666
//SPX=0.16666666666666666
//UNDX=0.16666666666666666
//UM=0.16666666666666666
//Improvements=4
//Restarts=0
//PopulationSize=100
//ArchiveSize=1
15.000000 15.000000 1095.000000 1070.000000 1050.000000 995.000000 975.000000 975.000000 975.000000 975.000000 2100000.000000 1900000.000000 1800000.000000 1100000.000000 550000.000000 550000.000000 350000.000000 350000.000000 3525.000000 3515.000000 3515.000000 3490.000000 3490.000000 1025.000000 1020.000000 1015.000000 1000.000000 980.000000 28.000000 38.000000 24.000000 6.000000 11.000000 0.000000 0.000000 0.000000 0.000000 0.000000 6860000.000000 6780000.000000 6390000.000000 6150000.000000 5400000.000000 2.000000 14.170000 8750076.380000 10.000000 -11989594.700000 50.210000 1042725.230000 2100000.000000 1750000.000000 -11.928750 0.000000 0.000000 0.000000 0.000000 0.000000 0.000000 0.000000
#
//NFE=161
//SBX=0.16666666666666666
//DE=0.16666666666666666
//PCX=0.16666666666666666
//SPX=0.16666666666666666
//UNDX=0.16666666666666666
//UM=0.16666666666666666
//Improvements=4
//Restarts=0
//PopulationSize=100
//ArchiveSize=1
15.000000 15.000000 1095.000000 1070.000000 1050.000000 995.000000 975.000000 975.000000 975.000000 975.000000 2100000.000000 1900000.000000 1800000.000000 1100000.000000 550000.000000 550000.000000 350000.000000 350000.000000 3525.000000 3515.000000 3515.000000 3490.000000 3490.000000 1025.000000 1020.000000 1015.000000 1000.000000 980.000000 28.000000 38.000000 24.000000 6.000000 11.000000 0.000000 0.000000 0.000000 0.000000 0.000000 6860000.000000 6780000.000000 6390000.000000 6150000.000000 5400000.000000 2.000000 14.170000 8750076.380000 10.000000 -11989594.700000 50.210000 1042725.230000 2100000.000000 1750000.000000 -11.928750 0.000000 0.000000 0.000000 0.000000 0.000000 0.000000 0.000000
#
//NFE=162
//SBX=0.16666666666666666
//DE=0.16666666666666666
//PCX=0.16666666666666666
//SPX=0.16666666666666666
//UNDX=0.16666666666666666
//UM=0.16666666666666666
//Improvements=4
//Restarts=0
//PopulationSize=100
//ArchiveSize=1
15.000000 15.000000 1095.000000 1070.000000 1050.000000 995.000000 975.000000 975.000000 975.000000 975.000000 2100000.000000 1900000.000000 1800000.000000 1100000.000000 550000.000000 550000.000000 350000.000000 350000.000000 3525.000000 3515.000000 3515.000000 3490.000000 3490.000000 1025.000000 1020.000000 1015.000000 1000.000000 980.000000 28.000000 38.000000 24.000000 6.000000 11.000000 0.000000 0.000000 0.000000 0.000000 0.000000 6860000.000000 6780000.000000 6390000.000000 6150000.000000 5400000.000000 2.000000 14.170000 8750076.380000 10.000000 -11989594.700000 50.210000 1042725.230000 2100000.000000 1750000.000000 -11.928750 0.000000 0.000000 0.000000 0.000000 0.000000 0.000000 0.000000
#
//NFE=164
//SBX=0.16666666666666666
//DE=0.16666666666666666
//PCX=0.16666666666666666
//SPX=0.16666666666666666
//UNDX=0.16666666666666666
//UM=0.16666666666666666
//Improvements=4
//Restarts=0
//PopulationSize=100
//ArchiveSize=1
15.000000 15.000000 1095.000000 1070.000000 1050.000000 995.000000 975.000000 975.000000 975.000000 975.000000 2100000.000000 1900000.000000 1800000.000000 1100000.000000 550000.000000 550000.000000 350000.000000 350000.000000 3525.000000 3515.000000 3515.000000 3490.000000 3490.000000 1025.000000 1020.000000 1015.000000 1000.000000 980.000000 28.000000 38.000000 24.000000 6.000000 11.000000 0.000000 0.000000 0.000000 0.000000 0.000000 6860000.000000 6780000.000000 6390000.000000 6150000.000000 5400000.000000 2.000000 14.170000 8750076.380000 10.000000 -11989594.700000 50.210000 1042725.230000 2100000.000000 1750000.000000 -11.928750 0.000000 0.000000 0.000000 0.000000 0.000000 0.000000 0.000000
#
//NFE=166
//SBX=0.16666666666666666
//DE=0.16666666666666666
//PCX=0.16666666666666666
//SPX=0.16666666666666666
//UNDX=0.16666666666666666
//UM=0.16666666666666666
//Improvements=4
//Restarts=0
//PopulationSize=100
//ArchiveSize=1
15.000000 15.000000 1095.000000 1070.000000 1050.000000 995.000000 975.000000 975.000000 975.000000 975.000000 2100000.000000 1900000.000000 1800000.000000 1100000.000000 550000.000000 550000.000000 350000.000000 350000.000000 3525.000000 3515.000000 3515.000000 3490.000000 3490.000000 1025.000000 1020.000000 1015.000000 1000.000000 980.000000 28.000000 38.000000 24.000000 6.000000 11.000000 0.000000 0.000000 0.000000 0.000000 0.000000 6860000.000000 6780000.000000 6390000.000000 6150000.000000 5400000.000000 2.000000 14.170000 8750076.380000 10.000000 -11989594.700000 50.210000 1042725.230000 2100000.000000 1750000.000000 -11.928750 0.000000 0.000000 0.000000 0.000000 0.000000 0.000000 0.000000
#
//NFE=168
//SBX=0.16666666666666666
//DE=0.16666666666666666
//PCX=0.16666666666666666
//SPX=0.16666666666666666
//UNDX=0.16666666666666666
//UM=0.16666666666666666
//Improvements=4
//Restarts=0
//PopulationSize=100
//ArchiveSize=1
15.000000 15.000000 1095.000000 1070.000000 1050.000000 995.000000 975.000000 975.000000 975.000000 975.000000 2100000.000000 1900000.000000 1800000.000000 1100000.000000 550000.000000 550000.000000 350000.000000 350000.000000 3525.000000 3515.000000 3515.000000 3490.000000 3490.000000 1025.000000 1020.000000 1015.000000 1000.000000 980.000000 28.000000 38.000000 24.000000 6.000000 11.000000 0.000000 0.000000 0.000000 0.000000 0.000000 6860000.000000 6780000.000000 6390000.000000 6150000.000000 5400000.000000 2.000000 14.170000 8750076.380000 10.000000 -11989594.700000 50.210000 1042725.230000 2100000.000000 1750000.000000 -11.928750 0.000000 0.000000 0.000000 0.000000 0.000000 0.000000 0.000000
#
//NFE=170
//SBX=0.16666666666666666
//DE=0.16666666666666666
//PCX=0.16666666666666666
//SPX=0.16666666666666666
//UNDX=0.16666666666666666
//UM=0.16666666666666666
//Improvements=4
//Restarts=0
//PopulationSize=100
//ArchiveSize=1
15.000000 15.000000 1095.000000 1070.000000 1050.000000 995.000000 975.000000 975.000000 975.000000 975.000000 2100000.000000 1900000.000000 1800000.000000 1100000.000000 550000.000000 550000.000000 350000.000000 350000.000000 3525.000000 3515.000000 3515.000000 3490.000000 3490.000000 1025.000000 1020.000000 1015.000000 1000.000000 980.000000 28.000000 38.000000 24.000000 6.000000 11.000000 0.000000 0.000000 0.000000 0.000000 0.000000 6860000.000000 6780000.000000 6390000.000000 6150000.000000 5400000.000000 2.000000 14.170000 8750076.380000 10.000000 -11989594.700000 50.210000 1042725.230000 2100000.000000 1750000.000000 -11.928750 0.000000 0.000000 0.000000 0.000000 0.000000 0.000000 0.000000
#
//NFE=172
//SBX=0.16666666666666666
//DE=0.16666666666666666
//PCX=0.16666666666666666
//SPX=0.16666666666666666
//UNDX=0.16666666666666666
//UM=0.16666666666666666
//Improvements=4
//Restarts=0
//PopulationSize=100
//ArchiveSize=1
15.000000 15.000000 1095.000000 1070.000000 1050.000000 995.000000 975.000000 975.000000 975.000000 975.000000 2100000.000000 1900000.000000 1800000.000000 1100000.000000 550000.000000 550000.000000 350000.000000 350000.000000 3525.000000 3515.000000 3515.000000 3490.000000 3490.000000 1025.000000 1020.000000 1015.000000 1000.000000 980.000000 28.000000 38.000000 24.000000 6.000000 11.000000 0.000000 0.000000 0.000000 0.000000 0.000000 6860000.000000 6780000.000000 6390000.000000 6150000.000000 5400000.000000 2.000000 14.170000 8750076.380000 10.000000 -11989594.700000 50.210000 1042725.230000 2100000.000000 1750000.000000 -11.928750 0.000000 0.000000 0.000000 0.000000 0.000000 0.000000 0.000000
#
//NFE=173
//SBX=0.16666666666666666
//DE=0.16666666666666666
//PCX=0.16666666666666666
//SPX=0.16666666666666666
//UNDX=0.16666666666666666
//UM=0.16666666666666666
//Improvements=4
//Restarts=0
//PopulationSize=100
//ArchiveSize=1
15.000000 15.000000 1095.000000 1070.000000 1050.000000 995.000000 975.000000 975.000000 975.000000 975.000000 2100000.000000 1900000.000000 1800000.000000 1100000.000000 550000.000000 550000.000000 350000.000000 350000.000000 3525.000000 3515.000000 3515.000000 3490.000000 3490.000000 1025.000000 1020.000000 1015.000000 1000.000000 980.000000 28.000000 38.000000 24.000000 6.000000 11.000000 0.000000 0.000000 0.000000 0.000000 0.000000 6860000.000000 6780000.000000 6390000.000000 6150000.000000 5400000.000000 2.000000 14.170000 8750076.380000 10.000000 -11989594.700000 50.210000 1042725.230000 2100000.000000 1750000.000000 -11.928750 0.000000 0.000000 0.000000 0.000000 0.000000 0.000000 0.000000
#
//NFE=175
//SBX=0.16666666666666666
//DE=0.16666666666666666
//PCX=0.16666666666666666
//SPX=0.16666666666666666
//UNDX=0.16666666666666666
//UM=0.16666666666666666
//Improvements=4
//Restarts=0
//PopulationSize=100
//ArchiveSize=1
15.000000 15.000000 1095.000000 1070.000000 1050.000000 995.000000 975.000000 975.000000 975.000000 975.000000 2100000.000000 1900000.000000 1800000.000000 1100000.000000 550000.000000 550000.000000 350000.000000 350000.000000 3525.000000 3515.000000 3515.000000 3490.000000 3490.000000 1025.000000 1020.000000 1015.000000 1000.000000 980.000000 28.000000 38.000000 24.000000 6.000000 11.000000 0.000000 0.000000 0.000000 0.000000 0.000000 6860000.000000 6780000.000000 6390000.000000 6150000.000000 5400000.000000 2.000000 14.170000 8750076.380000 10.000000 -11989594.700000 50.210000 1042725.230000 2100000.000000 1750000.000000 -11.928750 0.000000 0.000000 0.000000 0.000000 0.000000 0.000000 0.000000
#
//NFE=177
//SBX=0.16666666666666666
//DE=0.16666666666666666
//PCX=0.16666666666666666
//SPX=0.16666666666666666
//UNDX=0.16666666666666666
//UM=0.16666666666666666
//Improvements=4
//Restarts=0
//PopulationSize=100
//ArchiveSize=1
15.000000 15.000000 1095.000000 1070.000000 1050.000000 995.000000 975.000000 975.000000 975.000000 975.000000 2100000.000000 1900000.000000 1800000.000000 1100000.000000 550000.000000 550000.000000 350000.000000 350000.000000 3525.000000 3515.000000 3515.000000 3490.000000 3490.000000 1025.000000 1020.000000 1015.000000 1000.000000 980.000000 28.000000 38.000000 24.000000 6.000000 11.000000 0.000000 0.000000 0.000000 0.000000 0.000000 6860000.000000 6780000.000000 6390000.000000 6150000.000000 5400000.000000 2.000000 14.170000 8750076.380000 10.000000 -11989594.700000 50.210000 1042725.230000 2100000.000000 1750000.000000 -11.928750 0.000000 0.000000 0.000000 0.000000 0.000000 0.000000 0.000000
#
//NFE=179
//SBX=0.16666666666666666
//DE=0.16666666666666666
//PCX=0.16666666666666666
//SPX=0.16666666666666666
//UNDX=0.16666666666666666
//UM=0.16666666666666666
//Improvements=4
//Restarts=0
//PopulationSize=100
//ArchiveSize=1
15.000000 15.000000 1095.000000 1070.000000 1050.000000 995.000000 975.000000 975.000000 975.000000 975.000000 2100000.000000 1900000.000000 1800000.000000 1100000.000000 550000.000000 550000.000000 350000.000000 350000.000000 3525.000000 3515.000000 3515.000000 3490.000000 3490.000000 1025.000000 1020.000000 1015.000000 1000.000000 980.000000 28.000000 38.000000 24.000000 6.000000 11.000000 0.000000 0.000000 0.000000 0.000000 0.000000 6860000.000000 6780000.000000 6390000.000000 6150000.000000 5400000.000000 2.000000 14.170000 8750076.380000 10.000000 -11989594.700000 50.210000 1042725.230000 2100000.000000 1750000.000000 -11.928750 0.000000 0.000000 0.000000 0.000000 0.000000 0.000000 0.000000
#
//NFE=180
//SBX=0.16666666666666666
//DE=0.16666666666666666
//PCX=0.16666666666666666
//SPX=0.16666666666666666
//UNDX=0.16666666666666666
//UM=0.16666666666666666
//Improvements=4
//Restarts=0
//PopulationSize=100
//ArchiveSize=1
15.000000 15.000000 1095.000000 1070.000000 1050.000000 995.000000 975.000000 975.000000 975.000000 975.000000 2100000.000000 1900000.000000 1800000.000000 1100000.000000 550000.000000 550000.000000 350000.000000 350000.000000 3525.000000 3515.000000 3515.000000 3490.000000 3490.000000 1025.000000 1020.000000 1015.000000 1000.000000 980.000000 28.000000 38.000000 24.000000 6.000000 11.000000 0.000000 0.000000 0.000000 0.000000 0.000000 6860000.000000 6780000.000000 6390000.000000 6150000.000000 5400000.000000 2.000000 14.170000 8750076.380000 10.000000 -11989594.700000 50.210000 1042725.230000 2100000.000000 1750000.000000 -11.928750 0.000000 0.000000 0.000000 0.000000 0.000000 0.000000 0.000000
#
//NFE=181
//SBX=0.16666666666666666
//DE=0.16666666666666666
//PCX=0.16666666666666666
//SPX=0.16666666666666666
//UNDX=0.16666666666666666
//UM=0.16666666666666666
//Improvements=4
//Restarts=0
//PopulationSize=100
//ArchiveSize=1
15.000000 15.000000 1095.000000 1070.000000 1050.000000 995.000000 975.000000 975.000000 975.000000 975.000000 2100000.000000 1900000.000000 1800000.000000 1100000.000000 550000.000000 550000.000000 350000.000000 350000.000000 3525.000000 3515.000000 3515.000000 3490.000000 3490.000000 1025.000000 1020.000000 1015.000000 1000.000000 980.000000 28.000000 38.000000 24.000000 6.000000 11.000000 0.000000 0.000000 0.000000 0.000000 0.000000 6860000.000000 6780000.000000 6390000.000000 6150000.000000 5400000.000000 2.000000 14.170000 8750076.380000 10.000000 -11989594.700000 50.210000 1042725.230000 2100000.000000 1750000.000000 -11.928750 0.000000 0.000000 0.000000 0.000000 0.000000 0.000000 0.000000
#
//NFE=183
//SBX=0.16666666666666666
//DE=0.16666666666666666
//PCX=0.16666666666666666
//SPX=0.16666666666666666
//UNDX=0.16666666666666666
//UM=0.16666666666666666
//Improvements=4
//Restarts=0
//PopulationSize=100
//ArchiveSize=1
15.000000 15.000000 1095.000000 1070.000000 1050.000000 995.000000 975.000000 975.000000 975.000000 975.000000 2100000.000000 1900000.000000 1800000.000000 1100000.000000 550000.000000 550000.000000 350000.000000 350000.000000 3525.000000 3515.000000 3515.000000 3490.000000 3490.000000 1025.000000 1020.000000 1015.000000 1000.000000 980.000000 28.000000 38.000000 24.000000 6.000000 11.000000 0.000000 0.000000 0.000000 0.000000 0.000000 6860000.000000 6780000.000000 6390000.000000 6150000.000000 5400000.000000 2.000000 14.170000 8750076.380000 10.000000 -11989594.700000 50.210000 1042725.230000 2100000.000000 1750000.000000 -11.928750 0.000000 0.000000 0.000000 0.000000 0.000000 0.000000 0.000000
#
//NFE=185
//SBX=0.16666666666666666
//DE=0.16666666666666666
//PCX=0.16666666666666666
//SPX=0.16666666666666666
//UNDX=0.16666666666666666
//UM=0.16666666666666666
//Improvements=4
//Restarts=0
//PopulationSize=100
//ArchiveSize=1
15.000000 15.000000 1095.000000 1070.000000 1050.000000 995.000000 975.000000 975.000000 975.000000 975.000000 2100000.000000 1900000.000000 1800000.000000 1100000.000000 550000.000000 550000.000000 350000.000000 350000.000000 3525.000000 3515.000000 3515.000000 3490.000000 3490.000000 1025.000000 1020.000000 1015.000000 1000.000000 980.000000 28.000000 38.000000 24.000000 6.000000 11.000000 0.000000 0.000000 0.000000 0.000000 0.000000 6860000.000000 6780000.000000 6390000.000000 6150000.000000 5400000.000000 2.000000 14.170000 8750076.380000 10.000000 -11989594.700000 50.210000 1042725.230000 2100000.000000 1750000.000000 -11.928750 0.000000 0.000000 0.000000 0.000000 0.000000 0.000000 0.000000
#
//NFE=187
//SBX=0.16666666666666666
//DE=0.16666666666666666
//PCX=0.16666666666666666
//SPX=0.16666666666666666
//UNDX=0.16666666666666666
//UM=0.16666666666666666
//Improvements=4
//Restarts=0
//PopulationSize=100
//ArchiveSize=1
15.000000 15.000000 1095.000000 1070.000000 1050.000000 995.000000 975.000000 975.000000 975.000000 975.000000 2100000.000000 1900000.000000 1800000.000000 1100000.000000 550000.000000 550000.000000 350000.000000 350000.000000 3525.000000 3515.000000 3515.000000 3490.000000 3490.000000 1025.000000 1020.000000 1015.000000 1000.000000 980.000000 28.000000 38.000000 24.000000 6.000000 11.000000 0.000000 0.000000 0.000000 0.000000 0.000000 6860000.000000 6780000.000000 6390000.000000 6150000.000000 5400000.000000 2.000000 14.170000 8750076.380000 10.000000 -11989594.700000 50.210000 1042725.230000 2100000.000000 1750000.000000 -11.928750 0.000000 0.000000 0.000000 0.000000 0.000000 0.000000 0.000000
#
//NFE=189
//SBX=0.16666666666666666
//DE=0.16666666666666666
//PCX=0.16666666666666666
//SPX=0.16666666666666666
//UNDX=0.16666666666666666
//UM=0.16666666666666666
//Improvements=4
//Restarts=0
//PopulationSize=100
//ArchiveSize=1
15.000000 15.000000 1095.000000 1070.000000 1050.000000 995.000000 975.000000 975.000000 975.000000 975.000000 2100000.000000 1900000.000000 1800000.000000 1100000.000000 550000.000000 550000.000000 350000.000000 350000.000000 3525.000000 3515.000000 3515.000000 3490.000000 3490.000000 1025.000000 1020.000000 1015.000000 1000.000000 980.000000 28.000000 38.000000 24.000000 6.000000 11.000000 0.000000 0.000000 0.000000 0.000000 0.000000 6860000.000000 6780000.000000 6390000.000000 6150000.000000 5400000.000000 2.000000 14.170000 8750076.380000 10.000000 -11989594.700000 50.210000 1042725.230000 2100000.000000 1750000.000000 -11.928750 0.000000 0.000000 0.000000 0.000000 0.000000 0.000000 0.000000
#
//NFE=191
//SBX=0.16666666666666666
//DE=0.16666666666666666
//PCX=0.16666666666666666
//SPX=0.16666666666666666
//UNDX=0.16666666666666666
//UM=0.16666666666666666
//Improvements=4
//Restarts=0
//PopulationSize=100
//ArchiveSize=1
15.000000 15.000000 1095.000000 1070.000000 1050.000000 995.000000 975.000000 975.000000 975.000000 975.000000 2100000.000000 1900000.000000 1800000.000000 1100000.000000 550000.000000 550000.000000 350000.000000 350000.000000 3525.000000 3515.000000 3515.000000 3490.000000 3490.000000 1025.000000 1020.000000 1015.000000 1000.000000 980.000000 28.000000 38.000000 24.000000 6.000000 11.000000 0.000000 0.000000 0.000000 0.000000 0.000000 6860000.000000 6780000.000000 6390000.000000 6150000.000000 5400000.000000 2.000000 14.170000 8750076.380000 10.000000 -11989594.700000 50.210000 1042725.230000 2100000.000000 1750000.000000 -11.928750 0.000000 0.000000 0.000000 0.000000 0.000000 0.000000 0.000000
#
//NFE=193
//SBX=0.16666666666666666
//DE=0.16666666666666666
//PCX=0.16666666666666666
//SPX=0.16666666666666666
//UNDX=0.16666666666666666
//UM=0.16666666666666666
//Improvements=4
//Restarts=0
//PopulationSize=100
//ArchiveSize=1
15.000000 15.000000 1095.000000 1070.000000 1050.000000 995.000000 975.000000 975.000000 975.000000 975.000000 2100000.000000 1900000.000000 1800000.000000 1100000.000000 550000.000000 550000.000000 350000.000000 350000.000000 3525.000000 3515.000000 3515.000000 3490.000000 3490.000000 1025.000000 1020.000000 1015.000000 1000.000000 980.000000 28.000000 38.000000 24.000000 6.000000 11.000000 0.000000 0.000000 0.000000 0.000000 0.000000 6860000.000000 6780000.000000 6390000.000000 6150000.000000 5400000.000000 2.000000 14.170000 8750076.380000 10.000000 -11989594.700000 50.210000 1042725.230000 2100000.000000 1750000.000000 -11.928750 0.000000 0.000000 0.000000 0.000000 0.000000 0.000000 0.000000
#
//NFE=194
//SBX=0.16666666666666666
//DE=0.16666666666666666
//PCX=0.16666666666666666
//SPX=0.16666666666666666
//UNDX=0.16666666666666666
//UM=0.16666666666666666
//Improvements=4
//Restarts=0
//PopulationSize=100
//ArchiveSize=1
15.000000 15.000000 1095.000000 1070.000000 1050.000000 995.000000 975.000000 975.000000 975.000000 975.000000 2100000.000000 1900000.000000 1800000.000000 1100000.000000 550000.000000 550000.000000 350000.000000 350000.000000 3525.000000 3515.000000 3515.000000 3490.000000 3490.000000 1025.000000 1020.000000 1015.000000 1000.000000 980.000000 28.000000 38.000000 24.000000 6.000000 11.000000 0.000000 0.000000 0.000000 0.000000 0.000000 6860000.000000 6780000.000000 6390000.000000 6150000.000000 5400000.000000 2.000000 14.170000 8750076.380000 10.000000 -11989594.700000 50.210000 1042725.230000 2100000.000000 1750000.000000 -11.928750 0.000000 0.000000 0.000000 0.000000 0.000000 0.000000 0.000000
#
//NFE=196
//SBX=0.16666666666666666
//DE=0.16666666666666666
//PCX=0.16666666666666666
//SPX=0.16666666666666666
//UNDX=0.16666666666666666
//UM=0.16666666666666666
//Improvements=4
//Restarts=0
//PopulationSize=100
//ArchiveSize=1
15.000000 15.000000 1095.000000 1070.000000 1050.000000 995.000000 975.000000 975.000000 975.000000 975.000000 2100000.000000 1900000.000000 1800000.000000 1100000.000000 550000.000000 550000.000000 350000.000000 350000.000000 3525.000000 3515.000000 3515.000000 3490.000000 3490.000000 1025.000000 1020.000000 1015.000000 1000.000000 980.000000 28.000000 38.000000 24.000000 6.000000 11.000000 0.000000 0.000000 0.000000 0.000000 0.000000 6860000.000000 6780000.000000 6390000.000000 6150000.000000 5400000.000000 2.000000 14.170000 8750076.380000 10.000000 -11989594.700000 50.210000 1042725.230000 2100000.000000 1750000.000000 -11.928750 0.000000 0.000000 0.000000 0.000000 0.000000 0.000000 0.000000
#
//NFE=197
//SBX=0.16666666666666666
//DE=0.16666666666666666
//PCX=0.16666666666666666
//SPX=0.16666666666666666
//UNDX=0.16666666666666666
//UM=0.16666666666666666
//Improvements=4
//Restarts=0
//PopulationSize=100
//ArchiveSize=1
15.000000 15.000000 1095.000000 1070.000000 1050.000000 995.000000 975.000000 975.000000 975.000000 975.000000 2100000.000000 1900000.000000 1800000.000000 1100000.000000 550000.000000 550000.000000 350000.000000 350000.000000 3525.000000 3515.000000 3515.000000 3490.000000 3490.000000 1025.000000 1020.000000 1015.000000 1000.000000 980.000000 28.000000 38.000000 24.000000 6.000000 11.000000 0.000000 0.000000 0.000000 0.000000 0.000000 6860000.000000 6780000.000000 6390000.000000 6150000.000000 5400000.000000 2.000000 14.170000 8750076.380000 10.000000 -11989594.700000 50.210000 1042725.230000 2100000.000000 1750000.000000 -11.928750 0.000000 0.000000 0.000000 0.000000 0.000000 0.000000 0.000000
#
//NFE=199
//SBX=0.16666666666666666
//DE=0.16666666666666666
//PCX=0.16666666666666666
//SPX=0.16666666666666666
//UNDX=0.16666666666666666
//UM=0.16666666666666666
//Improvements=4
//Restarts=0
//PopulationSize=100
//ArchiveSize=1
15.000000 15.000000 1095.000000 1070.000000 1050.000000 995.000000 975.000000 975.000000 975.000000 975.000000 2100000.000000 1900000.000000 1800000.000000 1100000.000000 550000.000000 550000.000000 350000.000000 350000.000000 3525.000000 3515.000000 3515.000000 3490.000000 3490.000000 1025.000000 1020.000000 1015.000000 1000.000000 980.000000 28.000000 38.000000 24.000000 6.000000 11.000000 0.000000 0.000000 0.000000 0.000000 0.000000 6860000.000000 6780000.000000 6390000.000000 6150000.000000 5400000.000000 2.000000 14.170000 8750076.380000 10.000000 -11989594.700000 50.210000 1042725.230000 2100000.000000 1750000.000000 -11.928750 0.000000 0.000000 0.000000 0.000000 0.000000 0.000000 0.000000
#
//NFE=201
//SBX=0.16666666666666666
//DE=0.16666666666666666
//PCX=0.16666666666666666
//SPX=0.16666666666666666
//UNDX=0.16666666666666666
//UM=0.16666666666666666
//Improvements=5
//Restarts=0
//PopulationSize=100
//ArchiveSize=1
5.000000 0.000000 1100.000000 1045.000000 1005.000000 1000.000000 985.000000 985.000000 980.000000 975.000000 2300000.000000 2250000.000000 2200000.000000 1000000.000000 800000.000000 350000.000000 200000.000000 150000.000000 3510.000000 3500.000000 3495.000000 3490.000000 3490.000000 1055.000000 1035.000000 985.000000 985.000000 980.000000 4.000000 18.000000 23.000000 3.000000 1.000000 1.000000 0.000000 1.000000 0.000000 1.000000 6190000.000000 5500000.000000 5310000.000000 5250000.000000 5160000.000000 2.000000 17.080000 8794929.740000 7.500000 -11200393.900000 46.460000 939189.110000 2300000.000000 2150000.000000 -7.812500 0.000000 0.000000 0.000000 0.000000 0.000000 0.000000 0.000000
#
