Function evaluations  100
Usage of recombination operators
  SBX   16.67%
  DE    16.67%
  PCX   16.67%
  SPX   16.67%
  UNDX  16.67%
  UM    16.67%
Improvements     4
Restarts         0
Population size  100
Archive size     1
15.000000 15.000000 1095.000000 1070.000000 1050.000000 995.000000 975.000000 975.000000 975.000000 975.000000 2100000.000000 1900000.000000 1800000.000000 1100000.000000 550000.000000 550000.000000 350000.000000 350000.000000 3525.000000 3515.000000 3515.000000 3490.000000 3490.000000 1025.000000 1020.000000 1015.000000 1000.000000 980.000000 28.000000 38.000000 24.000000 6.000000 11.000000 0.000000 0.000000 0.000000 0.000000 0.000000 6860000.000000 6780000.000000 6390000.000000 6150000.000000 5400000.000000 2.000000 14.170000 8750076.380000 10.000000 -11989594.700000 50.210000 1042725.230000 2100000.000000 1750000.000000 -11.928750 0.000000 0.000000 0.000000 0.000000 0.000000 0.000000 0.000000

Function evaluations  101
Usage of recombination operators
  SBX   16.67%
  DE    16.67%
  PCX   16.67%
  SPX   16.67%
  UNDX  16.67%
  UM    16.67%
Improvements     4
Restarts         0
Population size  100
Archive size     1
15.000000 15.000000 1095.000000 1070.000000 1050.000000 995.000000 975.000000 975.000000 975.000000 975.000000 2100000.000000 1900000.000000 1800000.000000 1100000.000000 550000.000000 550000.000000 350000.000000 350000.000000 3525.000000 3515.000000 3515.000000 3490.000000 3490.000000 1025.000000 1020.000000 1015.000000 1000.000000 980.000000 28.000000 38.000000 24.000000 6.000000 11.000000 0.000000 0.000000 0.000000 0.000000 0.000000 6860000.000000 6780000.000000 6390000.000000 6150000.000000 5400000.000000 2.000000 14.170000 8750076.380000 10.000000 -11989594.700000 50.210000 1042725.230000 2100000.000000 1750000.000000 -11.928750 0.000000 0.000000 0.000000 0.000000 0.000000 0.000000 0.000000

Function evaluations  102
Usage of recombination operators
  SBX   16.67%
  DE    16.67%
  PCX   16.67%
  SPX   16.67%
  UNDX  16.67%
  UM    16.67%
Improvements     4
Restarts         0
Population size  100
Archive size     1
15.000000 15.000000 1095.000000 1070.000000 1050.000000 995.000000 975.000000 975.000000 975.000000 975.000000 2100000.000000 1900000.000000 1800000.000000 1100000.000000 550000.000000 550000.000000 350000.000000 350000.000000 3525.000000 3515.000000 3515.000000 3490.000000 3490.000000 1025.000000 1020.000000 1015.000000 1000.000000 980.000000 28.000000 38.000000 24.000000 6.000000 11.000000 0.000000 0.000000 0.000000 0.000000 0.000000 6860000.000000 6780000.000000 6390000.000000 6150000.000000 5400000.000000 2.000000 14.170000 8750076.380000 10.000000 -11989594.700000 50.210000 1042725.230000 2100000.000000 1750000.000000 -11.928750 0.000000 0.000000 0.000000 0.000000 0.000000 0.000000 0.000000

Function evaluations  103
Usage of recombination operators
  SBX   16.67%
  DE    16.67%
  PCX   16.67%
  SPX   16.67%
  UNDX  16.67%
  UM    16.67%
Improvements     4
Restarts         0
Population size  100
Archive size     1
15.000000 15.000000 1095.000000 1070.000000 1050.000000 995.000000 975.000000 975.000000 975.000000 975.000000 2100000.000000 1900000.000000 1800000.000000 1100000.000000 550000.000000 550000.000000 350000.000000 350000.000000 3525.000000 3515.000000 3515.000000 3490.000000 3490.000000 1025.000000 1020.000000 1015.000000 1000.000000 980.000000 28.000000 38.000000 24.000000 6.000000 11.000000 0.000000 0.000000 0.000000 0.000000 0.000000 6860000.000000 6780000.000000 6390000.000000 6150000.000000 5400000.000000 2.000000 14.170000 8750076.380000 10.000000 -11989594.700000 50.210000 1042725.230000 2100000.000000 1750000.000000 -11.928750 0.000000 0.000000 0.000000 0.000000 0.000000 0.000000 0.000000

Function evaluations  105
Usage of recombination operators
  SBX   16.67%
  DE    16.67%
  PCX   16.67%
  SPX   16.67%
  UNDX  16.67%
  UM    16.67%
Improvements     4
Restarts         0
Population size  100
Archive size     1
15.000000 15.000000 1095.000000 1070.000000 1050.000000 995.000000 975.000000 975.000000 975.000000 975.000000 2100000.000000 1900000.000000 1800000.000000 1100000.000000 550000.000000 550000.000000 350000.000000 350000.000000 3525.000000 3515.000000 3515.000000 3490.000000 3490.000000 1025.000000 1020.000000 1015.000000 1000.000000 980.000000 28.000000 38.000000 24.000000 6.000000 11.000000 0.000000 0.000000 0.000000 0.000000 0.000000 6860000.000000 6780000.000000 6390000.000000 6150000.000000 5400000.000000 2.000000 14.170000 8750076.380000 10.000000 -11989594.700000 50.210000 1042725.230000 2100000.000000 1750000.000000 -11.928750 0.000000 0.000000 0.000000 0.000000 0.000000 0.000000 0.000000

Function evaluations  107
Usage of recombination operators
  SBX   16.67%
  DE    16.67%
  PCX   16.67%
  SPX   16.67%
  UNDX  16.67%
  UM    16.67%
Improvements     4
Restarts         0
Population size  100
Archive size     1
15.000000 15.000000 1095.000000 1070.000000 1050.000000 995.000000 975.000000 975.000000 975.000000 975.000000 2100000.000000 1900000.000000 1800000.000000 1100000.000000 550000.000000 550000.000000 350000.000000 350000.000000 3525.000000 3515.000000 3515.000000 3490.000000 3490.000000 1025.000000 1020.000000 1015.000000 1000.000000 980.000000 28.000000 38.000000 24.000000 6.000000 11.000000 0.000000 0.000000 0.000000 0.000000 0.000000 6860000.000000 6780000.000000 6390000.000000 6150000.000000 5400000.000000 2.000000 14.170000 8750076.380000 10.000000 -11989594.700000 50.210000 1042725.230000 2100000.000000 1750000.000000 -11.928750 0.000000 0.000000 0.000000 0.000000 0.000000 0.000000 0.000000

Function evaluations  109
Usage of recombination operators
  SBX   16.67%
  DE    16.67%
  PCX   16.67%
  SPX   16.67%
  UNDX  16.67%
  UM    16.67%
Improvements     4
Restarts         0
Population size  100
Archive size     1
15.000000 15.000000 1095.000000 1070.000000 1050.000000 995.000000 975.000000 975.000000 975.000000 975.000000 2100000.000000 1900000.000000 1800000.000000 1100000.000000 550000.000000 550000.000000 350000.000000 350000.000000 3525.000000 3515.000000 3515.000000 3490.000000 3490.000000 1025.000000 1020.000000 1015.000000 1000.000000 980.000000 28.000000 38.000000 24.000000 6.000000 11.000000 0.000000 0.000000 0.000000 0.000000 0.000000 6860000.000000 6780000.000000 6390000.000000 6150000.000000 5400000.000000 2.000000 14.170000 8750076.380000 10.000000 -11989594.700000 50.210000 1042725.230000 2100000.000000 1750000.000000 -11.928750 0.000000 0.000000 0.000000 0.000000 0.000000 0.000000 0.000000

Function evaluations  111
Usage of recombination operators
  SBX   16.67%
  DE    16.67%
  PCX   16.67%
  SPX   16.67%
  UNDX  16.67%
  UM    16.67%
Improvements     4
Restarts         0
Population size  100
Archive size     1
15.000000 15.000000 1095.000000 1070.000000 1050.000000 995.000000 975.000000 975.000000 975.000000 975.000000 2100000.000000 1900000.000000 1800000.000000 1100000.000000 550000.000000 550000.000000 350000.000000 350000.000000 3525.000000 3515.000000 3515.000000 3490.000000 3490.000000 1025.000000 1020.000000 1015.000000 1000.000000 980.000000 28.000000 38.000000 24.000000 6.000000 11.000000 0.000000 0.000000 0.000000 0.000000 0.000000 6860000.000000 6780000.000000 6390000.000000 6150000.000000 5400000.000000 2.000000 14.170000 8750076.380000 10.000000 -11989594.700000 50.210000 1042725.230000 2100000.000000 1750000.000000 -11.928750 0.000000 0.000000 0.000000 0.000000 0.000000 0.000000 0.000000

Function evaluations  113
Usage of recombination operators
  SBX   16.67%
  DE    16.67%
  PCX   16.67%
  SPX   16.67%
  UNDX  16.67%
  UM    16.67%
Improvements     4
Restarts         0
Population size  100
Archive size     1
15.000000 15.000000 1095.000000 1070.000000 1050.000000 995.000000 975.000000 975.000000 975.000000 975.000000 2100000.000000 1900000.000000 1800000.000000 1100000.000000 550000.000000 550000.000000 350000.000000 350000.000000 3525.000000 3515.000000 3515.000000 3490.000000 3490.000000 1025.000000 1020.000000 1015.000000 1000.000000 980.000000 28.000000 38.000000 24.000000 6.000000 11.000000 0.000000 0.000000 0.000000 0.000000 0.000000 6860000.000000 6780000.000000 6390000.000000 6150000.000000 5400000.000000 2.000000 14.170000 8750076.380000 10.000000 -11989594.700000 50.210000 1042725.230000 2100000.000000 1750000.000000 -11.928750 0.000000 0.000000 0.000000 0.000000 0.000000 0.000000 0.000000

Function evaluations  114
Usage of recombination operators
  SBX   16.67%
  DE    16.67%
  PCX   16.67%
  SPX   16.67%
  UNDX  16.67%
  UM    16.67%
Improvements     4
Restarts         0
Population size  100
Archive size     1
15.000000 15.000000 1095.000000 1070.000000 1050.000000 995.000000 975.000000 975.000000 975.000000 975.000000 2100000.000000 1900000.000000 1800000.000000 1100000.000000 550000.000000 550000.000000 350000.000000 350000.000000 3525.000000 3515.000000 3515.000000 3490.000000 3490.000000 1025.000000 1020.000000 1015.000000 1000.000000 980.000000 28.000000 38.000000 24.000000 6.000000 11.000000 0.000000 0.000000 0.000000 0.000000 0.000000 6860000.000000 6780000.000000 6390000.000000 6150000.000000 5400000.000000 2.000000 14.170000 8750076.380000 10.000000 -11989594.700000 50.210000 1042725.230000 2100000.000000 1750000.000000 -11.928750 0.000000 0.000000 0.000000 0.000000 0.000000 0.000000 0.000000

Function evaluations  116
Usage of recombination operators
  SBX   16.67%
  DE    16.67%
  PCX   16.67%
  SPX   16.67%
  UNDX  16.67%
  UM    16.67%
Improvements     4
Restarts         0
Population size  100
Archive size     1
15.000000 15.000000 1095.000000 1070.000000 1050.000000 995.000000 975.000000 975.000000 975.000000 975.000000 2100000.000000 1900000.000000 1800000.000000 1100000.000000 550000.000000 550000.000000 350000.000000 350000.000000 3525.000000 3515.000000 3515.000000 3490.000000 3490.000000 1025.000000 1020.000000 1015.000000 1000.000000 980.000000 28.000000 38.000000 24.000000 6.000000 11.000000 0.000000 0.000000 0.000000 0.000000 0.000000 6860000.000000 6780000.000000 6390000.000000 6150000.000000 5400000.000000 2.000000 14.170000 8750076.380000 10.000000 -11989594.700000 50.210000 1042725.230000 2100000.000000 1750000.000000 -11.928750 0.000000 0.000000 0.000000 0.000000 0.000000 0.000000 0.000000

Function evaluations  118
Usage of recombination operators
  SBX   16.67%
  DE    16.67%
  PCX   16.67%
  SPX   16.67%
  UNDX  16.67%
  UM    16.67%
Improvements     4
Restarts         0
Population size  100
Archive size     1
15.000000 15.000000 1095.000000 1070.000000 1050.000000 995.000000 975.000000 975.000000 975.000000 975.000000 2100000.000000 1900000.000000 1800000.000000 1100000.000000 550000.000000 550000.000000 350000.000000 350000.000000 3525.000000 3515.000000 3515.000000 3490.000000 3490.000000 1025.000000 1020.000000 1015.000000 1000.000000 980.000000 28.000000 38.000000 24.000000 6.000000 11.000000 0.000000 0.000000 0.000000 0.000000 0.000000 6860000.000000 6780000.000000 6390000.000000 6150000.000000 5400000.000000 2.000000 14.170000 8750076.380000 10.000000 -11989594.700000 50.210000 1042725.230000 2100000.000000 1750000.000000 -11.928750 0.000000 0.000000 0.000000 0.000000 0.000000 0.000000 0.000000

Function evaluations  119
Usage of recombination operators
  SBX   16.67%
  DE    16.67%
  PCX   16.67%
  SPX   16.67%
  UNDX  16.67%
  UM    16.67%
Improvements     4
Restarts         0
Population size  100
Archive size     1
15.000000 15.000000 1095.000000 1070.000000 1050.000000 995.000000 975.000000 975.000000 975.000000 975.000000 2100000.000000 1900000.000000 1800000.000000 1100000.000000 550000.000000 550000.000000 350000.000000 350000.000000 3525.000000 3515.000000 3515.000000 3490.000000 3490.000000 1025.000000 1020.000000 1015.000000 1000.000000 980.000000 28.000000 38.000000 24.000000 6.000000 11.000000 0.000000 0.000000 0.000000 0.000000 0.000000 6860000.000000 6780000.000000 6390000.000000 6150000.000000 5400000.000000 2.000000 14.170000 8750076.380000 10.000000 -11989594.700000 50.210000 1042725.230000 2100000.000000 1750000.000000 -11.928750 0.000000 0.000000 0.000000 0.000000 0.000000 0.000000 0.000000

Function evaluations  121
Usage of recombination operators
  SBX   16.67%
  DE    16.67%
  PCX   16.67%
  SPX   16.67%
  UNDX  16.67%
  UM    16.67%
Improvements     4
Restarts         0
Population size  100
Archive size     1
15.000000 15.000000 1095.000000 1070.000000 1050.000000 995.000000 975.000000 975.000000 975.000000 975.000000 2100000.000000 1900000.000000 1800000.000000 1100000.000000 550000.000000 550000.000000 350000.000000 350000.000000 3525.000000 3515.000000 3515.000000 3490.000000 3490.000000 1025.000000 1020.000000 1015.000000 1000.000000 980.000000 28.000000 38.000000 24.000000 6.000000 11.000000 0.000000 0.000000 0.000000 0.000000 0.000000 6860000.000000 6780000.000000 6390000.000000 6150000.000000 5400000.000000 2.000000 14.170000 8750076.380000 10.000000 -11989594.700000 50.210000 1042725.230000 2100000.000000 1750000.000000 -11.928750 0.000000 0.000000 0.000000 0.000000 0.000000 0.000000 0.000000

Function evaluations  123
Usage of recombination operators
  SBX   16.67%
  DE    16.67%
  PCX   16.67%
  SPX   16.67%
  UNDX  16.67%
  UM    16.67%
Improvements     4
Restarts         0
Population size  100
Archive size     1
15.000000 15.000000 1095.000000 1070.000000 1050.000000 995.000000 975.000000 975.000000 975.000000 975.000000 2100000.000000 1900000.000000 1800000.000000 1100000.000000 550000.000000 550000.000000 350000.000000 350000.000000 3525.000000 3515.000000 3515.000000 3490.000000 3490.000000 1025.000000 1020.000000 1015.000000 1000.000000 980.000000 28.000000 38.000000 24.000000 6.000000 11.000000 0.000000 0.000000 0.000000 0.000000 0.000000 6860000.000000 6780000.000000 6390000.000000 6150000.000000 5400000.000000 2.000000 14.170000 8750076.380000 10.000000 -11989594.700000 50.210000 1042725.230000 2100000.000000 1750000.000000 -11.928750 0.000000 0.000000 0.000000 0.000000 0.000000 0.000000 0.000000

Function evaluations  124
Usage of recombination operators
  SBX   16.67%
  DE    16.67%
  PCX   16.67%
  SPX   16.67%
  UNDX  16.67%
  UM    16.67%
Improvements     4
Restarts         0
Population size  100
Archive size     1
15.000000 15.000000 1095.000000 1070.000000 1050.000000 995.000000 975.000000 975.000000 975.000000 975.000000 2100000.000000 1900000.000000 1800000.000000 1100000.000000 550000.000000 550000.000000 350000.000000 350000.000000 3525.000000 3515.000000 3515.000000 3490.000000 3490.000000 1025.000000 1020.000000 1015.000000 1000.000000 980.000000 28.000000 38.000000 24.000000 6.000000 11.000000 0.000000 0.000000 0.000000 0.000000 0.000000 6860000.000000 6780000.000000 6390000.000000 6150000.000000 5400000.000000 2.000000 14.170000 8750076.380000 10.000000 -11989594.700000 50.210000 1042725.230000 2100000.000000 1750000.000000 -11.928750 0.000000 0.000000 0.000000 0.000000 0.000000 0.000000 0.000000

Function evaluations  125
Usage of recombination operators
  SBX   16.67%
  DE    16.67%
  PCX   16.67%
  SPX   16.67%
  UNDX  16.67%
  UM    16.67%
Improvements     4
Restarts         0
Population size  100
Archive size     1
15.000000 15.000000 1095.000000 1070.000000 1050.000000 995.000000 975.000000 975.000000 975.000000 975.000000 2100000.000000 1900000.000000 1800000.000000 1100000.000000 550000.000000 550000.000000 350000.000000 350000.000000 3525.000000 3515.000000 3515.000000 3490.000000 3490.000000 1025.000000 1020.000000 1015.000000 1000.000000 980.000000 28.000000 38.000000 24.000000 6.000000 11.000000 0.000000 0.000000 0.000000 0.000000 0.000000 6860000.000000 6780000.000000 6390000.000000 6150000.000000 5400000.000000 2.000000 14.170000 8750076.380000 10.000000 -11989594.700000 50.210000 1042725.230000 2100000.000000 1750000.000000 -11.928750 0.000000 0.000000 0.000000 0.000000 0.000000 0.000000 0.000000

Function evaluations  126
Usage of recombination operators
  SBX   16.67%
  DE    16.67%
  PCX   16.67%
  SPX   16.67%
  UNDX  16.67%
  UM    16.67%
Improvements     4
Restarts         0
Population size  100
Archive size     1
15.000000 15.000000 1095.000000 1070.000000 1050.000000 995.000000 975.000000 975.000000 975.000000 975.000000 2100000.000000 1900000.000000 1800000.000000 1100000.000000 550000.000000 550000.000000 350000.000000 350000.000000 3525.000000 3515.000000 3515.000000 3490.000000 3490.000000 1025.000000 1020.000000 1015.000000 1000.000000 980.000000 28.000000 38.000000 24.000000 6.000000 11.000000 0.000000 0.000000 0.000000 0.000000 0.000000 6860000.000000 6780000.000000 6390000.000000 6150000.000000 5400000.000000 2.000000 14.170000 8750076.380000 10.000000 -11989594.700000 50.210000 1042725.230000 2100000.000000 1750000.000000 -11.928750 0.000000 0.000000 0.000000 0.000000 0.000000 0.000000 0.000000

Function evaluations  127
Usage of recombination operators
  SBX   16.67%
  DE    16.67%
  PCX   16.67%
  SPX   16.67%
  UNDX  16.67%
  UM    16.67%
Improvements     4
Restarts         0
Population size  100
Archive size     1
15.000000 15.000000 1095.000000 1070.000000 1050.000000 995.000000 975.000000 975.000000 975.000000 975.000000 2100000.000000 1900000.000000 1800000.000000 1100000.000000 550000.000000 550000.000000 350000.000000 350000.000000 3525.000000 3515.000000 3515.000000 3490.000000 3490.000000 1025.000000 1020.000000 1015.000000 1000.000000 980.000000 28.000000 38.000000 24.000000 6.000000 11.000000 0.000000 0.000000 0.000000 0.000000 0.000000 6860000.000000 6780000.000000 6390000.000000 6150000.000000 5400000.000000 2.000000 14.170000 8750076.380000 10.000000 -11989594.700000 50.210000 1042725.230000 2100000.000000 1750000.000000 -11.928750 0.000000 0.000000 0.000000 0.000000 0.000000 0.000000 0.000000

Function evaluations  128
Usage of recombination operators
  SBX   16.67%
  DE    16.67%
  PCX   16.67%
  SPX   16.67%
  UNDX  16.67%
  UM    16.67%
Improvements     4
Restarts         0
Population size  100
Archive size     1
15.000000 15.000000 1095.000000 1070.000000 1050.000000 995.000000 975.000000 975.000000 975.000000 975.000000 2100000.000000 1900000.000000 1800000.000000 1100000.000000 550000.000000 550000.000000 350000.000000 350000.000000 3525.000000 3515.000000 3515.000000 3490.000000 3490.000000 1025.000000 1020.000000 1015.000000 1000.000000 980.000000 28.000000 38.000000 24.000000 6.000000 11.000000 0.000000 0.000000 0.000000 0.000000 0.000000 6860000.000000 6780000.000000 6390000.000000 6150000.000000 5400000.000000 2.000000 14.170000 8750076.380000 10.000000 -11989594.700000 50.210000 1042725.230000 2100000.000000 1750000.000000 -11.928750 0.000000 0.000000 0.000000 0.000000 0.000000 0.000000 0.000000

Function evaluations  130
Usage of recombination operators
  SBX   16.67%
  DE    16.67%
  PCX   16.67%
  SPX   16.67%
  UNDX  16.67%
  UM    16.67%
Improvements     4
Restarts         0
Population size  100
Archive size     1
15.000000 15.000000 1095.000000 1070.000000 1050.000000 995.000000 975.000000 975.000000 975.000000 975.000000 2100000.000000 1900000.000000 1800000.000000 1100000.000000 550000.000000 550000.000000 350000.000000 350000.000000 3525.000000 3515.000000 3515.000000 3490.000000 3490.000000 1025.000000 1020.000000 1015.000000 1000.000000 980.000000 28.000000 38.000000 24.000000 6.000000 11.000000 0.000000 0.000000 0.000000 0.000000 0.000000 6860000.000000 6780000.000000 6390000.000000 6150000.000000 5400000.000000 2.000000 14.170000 8750076.380000 10.000000 -11989594.700000 50.210000 1042725.230000 2100000.000000 1750000.000000 -11.928750 0.000000 0.000000 0.000000 0.000000 0.000000 0.000000 0.000000

Function evaluations  132
Usage of recombination operators
  SBX   16.67%
  DE    16.67%
  PCX   16.67%
  SPX   16.67%
  UNDX  16.67%
  UM    16.67%
Improvements     4
Restarts         0
Population size  100
Archive size     1
15.000000 15.000000 1095.000000 1070.000000 1050.000000 995.000000 975.000000 975.000000 975.000000 975.000000 2100000.000000 1900000.000000 1800000.000000 1100000.000000 550000.000000 550000.000000 350000.000000 350000.000000 3525.000000 3515.000000 3515.000000 3490.000000 3490.000000 1025.000000 1020.000000 1015.000000 1000.000000 980.000000 28.000000 38.000000 24.000000 6.000000 11.000000 0.000000 0.000000 0.000000 0.000000 0.000000 6860000.000000 6780000.000000 6390000.000000 6150000.000000 5400000.000000 2.000000 14.170000 8750076.380000 10.000000 -11989594.700000 50.210000 1042725.230000 2100000.000000 1750000.000000 -11.928750 0.000000 0.000000 0.000000 0.000000 0.000000 0.000000 0.000000

Function evaluations  133
Usage of recombination operators
  SBX   16.67%
  DE    16.67%
  PCX   16.67%
  SPX   16.67%
  UNDX  16.67%
  UM    16.67%
Improvements     4
Restarts         0
Population size  100
Archive size     1
15.000000 15.000000 1095.000000 1070.000000 1050.000000 995.000000 975.000000 975.000000 975.000000 975.000000 2100000.000000 1900000.000000 1800000.000000 1100000.000000 550000.000000 550000.000000 350000.000000 350000.000000 3525.000000 3515.000000 3515.000000 3490.000000 3490.000000 1025.000000 1020.000000 1015.000000 1000.000000 980.000000 28.000000 38.000000 24.000000 6.000000 11.000000 0.000000 0.000000 0.000000 0.000000 0.000000 6860000.000000 6780000.000000 6390000.000000 6150000.000000 5400000.000000 2.000000 14.170000 8750076.380000 10.000000 -11989594.700000 50.210000 1042725.230000 2100000.000000 1750000.000000 -11.928750 0.000000 0.000000 0.000000 0.000000 0.000000 0.000000 0.000000

Function evaluations  135
Usage of recombination operators
  SBX   16.67%
  DE    16.67%
  PCX   16.67%
  SPX   16.67%
  UNDX  16.67%
  UM    16.67%
Improvements     4
Restarts         0
Population size  100
Archive size     1
15.000000 15.000000 1095.000000 1070.000000 1050.000000 995.000000 975.000000 975.000000 975.000000 975.000000 2100000.000000 1900000.000000 1800000.000000 1100000.000000 550000.000000 550000.000000 350000.000000 350000.000000 3525.000000 3515.000000 3515.000000 3490.000000 3490.000000 1025.000000 1020.000000 1015.000000 1000.000000 980.000000 28.000000 38.000000 24.000000 6.000000 11.000000 0.000000 0.000000 0.000000 0.000000 0.000000 6860000.000000 6780000.000000 6390000.000000 6150000.000000 5400000.000000 2.000000 14.170000 8750076.380000 10.000000 -11989594.700000 50.210000 1042725.230000 2100000.000000 1750000.000000 -11.928750 0.000000 0.000000 0.000000 0.000000 0.000000 0.000000 0.000000

Function evaluations  137
Usage of recombination operators
  SBX   16.67%
  DE    16.67%
  PCX   16.67%
  SPX   16.67%
  UNDX  16.67%
  UM    16.67%
Improvements     4
Restarts         0
Population size  100
Archive size     1
15.000000 15.000000 1095.000000 1070.000000 1050.000000 995.000000 975.000000 975.000000 975.000000 975.000000 2100000.000000 1900000.000000 1800000.000000 1100000.000000 550000.000000 550000.000000 350000.000000 350000.000000 3525.000000 3515.000000 3515.000000 3490.000000 3490.000000 1025.000000 1020.000000 1015.000000 1000.000000 980.000000 28.000000 38.000000 24.000000 6.000000 11.000000 0.000000 0.000000 0.000000 0.000000 0.000000 6860000.000000 6780000.000000 6390000.000000 6150000.000000 5400000.000000 2.000000 14.170000 8750076.380000 10.000000 -11989594.700000 50.210000 1042725.230000 2100000.000000 1750000.000000 -11.928750 0.000000 0.000000 0.000000 0.000000 0.000000 0.000000 0.000000

Function evaluations  139
Usage of recombination operators
  SBX   16.67%
  DE    16.67%
  PCX   16.67%
  SPX   16.67%
  UNDX  16.67%
  UM    16.67%
Improvements     4
Restarts         0
Population size  100
Archive size     1
15.000000 15.000000 1095.000000 1070.000000 1050.000000 995.000000 975.000000 975.000000 975.000000 975.000000 2100000.000000 1900000.000000 1800000.000000 1100000.000000 550000.000000 550000.000000 350000.000000 350000.000000 3525.000000 3515.000000 3515.000000 3490.000000 3490.000000 1025.000000 1020.000000 1015.000000 1000.000000 980.000000 28.000000 38.000000 24.000000 6.000000 11.000000 0.000000 0.000000 0.000000 0.000000 0.000000 6860000.000000 6780000.000000 6390000.000000 6150000.000000 5400000.000000 2.000000 14.170000 8750076.380000 10.000000 -11989594.700000 50.210000 1042725.230000 2100000.000000 1750000.000000 -11.928750 0.000000 0.000000 0.000000 0.000000 0.000000 0.000000 0.000000

Function evaluations  141
Usage of recombination operators
  SBX   16.67%
  DE    16.67%
  PCX   16.67%
  SPX   16.67%
  UNDX  16.67%
  UM    16.67%
Improvements     4
Restarts         0
Population size  100
Archive size     1
15.000000 15.000000 1095.000000 1070.000000 1050.000000 995.000000 975.000000 975.000000 975.000000 975.000000 2100000.000000 1900000.000000 1800000.000000 1100000.000000 550000.000000 550000.000000 350000.000000 350000.000000 3525.000000 3515.000000 3515.000000 3490.000000 3490.000000 1025.000000 1020.000000 1015.000000 1000.000000 980.000000 28.000000 38.000000 24.000000 6.000000 11.000000 0.000000 0.000000 0.000000 0.000000 0.000000 6860000.000000 6780000.000000 6390000.000000 6150000.000000 5400000.000000 2.000000 14.170000 8750076.380000 10.000000 -11989594.700000 50.210000 1042725.230000 2100000.000000 1750000.000000 -11.928750 0.000000 0.000000 0.000000 0.000000 0.000000 0.000000 0.000000

Function evaluations  143
Usage of recombination operators
  SBX   16.67%
  DE    16.67%
  PCX   16.67%
  SPX   16.67%
  UNDX  16.67%
  UM    16.67%
Improvements     4
Restarts         0
Population size  100
Archive size     1
15.000000 15.000000 1095.000000 1070.000000 1050.000000 995.000000 975.000000 975.000000 975.000000 975.000000 2100000.000000 1900000.000000 1800000.000000 1100000.000000 550000.000000 550000.000000 350000.000000 350000.000000 3525.000000 3515.000000 3515.000000 3490.000000 3490.000000 1025.000000 1020.000000 1015.000000 1000.000000 980.000000 28.000000 38.000000 24.000000 6.000000 11.000000 0.000000 0.000000 0.000000 0.000000 0.000000 6860000.000000 6780000.000000 6390000.000000 6150000.000000 5400000.000000 2.000000 14.170000 8750076.380000 10.000000 -11989594.700000 50.210000 1042725.230000 2100000.000000 1750000.000000 -11.928750 0.000000 0.000000 0.000000 0.000000 0.000000 0.000000 0.000000

Function evaluations  144
Usage of recombination operators
  SBX   16.67%
  DE    16.67%
  PCX   16.67%
  SPX   16.67%
  UNDX  16.67%
  UM    16.67%
Improvements     4
Restarts         0
Population size  100
Archive size     1
15.000000 15.000000 1095.000000 1070.000000 1050.000000 995.000000 975.000000 975.000000 975.000000 975.000000 2100000.000000 1900000.000000 1800000.000000 1100000.000000 550000.000000 550000.000000 350000.000000 350000.000000 3525.000000 3515.000000 3515.000000 3490.000000 3490.000000 1025.000000 1020.000000 1015.000000 1000.000000 980.000000 28.000000 38.000000 24.000000 6.000000 11.000000 0.000000 0.000000 0.000000 0.000000 0.000000 6860000.000000 6780000.000000 6390000.000000 6150000.000000 5400000.000000 2.000000 14.170000 8750076.380000 10.000000 -11989594.700000 50.210000 1042725.230000 2100000.000000 1750000.000000 -11.928750 0.000000 0.000000 0.000000 0.000000 0.000000 0.000000 0.000000

Function evaluations  145
Usage of recombination operators
  SBX   16.67%
  DE    16.67%
  PCX   16.67%
  SPX   16.67%
  UNDX  16.67%
  UM    16.67%
Improvements     4
Restarts         0
Population size  100
Archive size     1
15.000000 15.000000 1095.000000 1070.000000 1050.000000 995.000000 975.000000 975.000000 975.000000 975.000000 2100000.000000 1900000.000000 1800000.000000 1100000.000000 550000.000000 550000.000000 350000.000000 350000.000000 3525.000000 3515.000000 3515.000000 3490.000000 3490.000000 1025.000000 1020.000000 1015.000000 1000.000000 980.000000 28.000000 38.000000 24.000000 6.000000 11.000000 0.000000 0.000000 0.000000 0.000000 0.000000 6860000.000000 6780000.000000 6390000.000000 6150000.000000 5400000.000000 2.000000 14.170000 8750076.380000 10.000000 -11989594.700000 50.210000 1042725.230000 2100000.000000 1750000.000000 -11.928750 0.000000 0.000000 0.000000 0.000000 0.000000 0.000000 0.000000

Function evaluations  146
Usage of recombination operators
  SBX   16.67%
  DE    16.67%
  PCX   16.67%
  SPX   16.67%
  UNDX  16.67%
  UM    16.67%
Improvements     4
Restarts         0
Population size  100
Archive size     1
15.000000 15.000000 1095.000000 1070.000000 1050.000000 995.000000 975.000000 975.000000 975.000000 975.000000 2100000.000000 1900000.000000 1800000.000000 1100000.000000 550000.000000 550000.000000 350000.000000 350000.000000 3525.000000 3515.000000 3515.000000 3490.000000 3490.000000 1025.000000 1020.000000 1015.000000 1000.000000 980.000000 28.000000 38.000000 24.000000 6.000000 11.000000 0.000000 0.000000 0.000000 0.000000 0.000000 6860000.000000 6780000.000000 6390000.000000 6150000.000000 5400000.000000 2.000000 14.170000 8750076.380000 10.000000 -11989594.700000 50.210000 1042725.230000 2100000.000000 1750000.000000 -11.928750 0.000000 0.000000 0.000000 0.000000 0.000000 0.000000 0.000000

Function evaluations  148
Usage of recombination operators
  SBX   16.67%
  DE    16.67%
  PCX   16.67%
  SPX   16.67%
  UNDX  16.67%
  UM    16.67%
Improvements     4
Restarts         0
Population size  100
Archive size     1
15.000000 15.000000 1095.000000 1070.000000 1050.000000 995.000000 975.000000 975.000000 975.000000 975.000000 2100000.000000 1900000.000000 1800000.000000 1100000.000000 550000.000000 550000.000000 350000.000000 350000.000000 3525.000000 3515.000000 3515.000000 3490.000000 3490.000000 1025.000000 1020.000000 1015.000000 1000.000000 980.000000 28.000000 38.000000 24.000000 6.000000 11.000000 0.000000 0.000000 0.000000 0.000000 0.000000 6860000.000000 6780000.000000 6390000.000000 6150000.000000 5400000.000000 2.000000 14.170000 8750076.380000 10.000000 -11989594.700000 50.210000 1042725.230000 2100000.000000 1750000.000000 -11.928750 0.000000 0.000000 0.000000 0.000000 0.000000 0.000000 0.000000

Function evaluations  150
Usage of recombination operators
  SBX   16.67%
  DE    16.67%
  PCX   16.67%
  SPX   16.67%
  UNDX  16.67%
  UM    16.67%
Improvements     4
Restarts         0
Population size  100
Archive size     1
15.000000 15.000000 1095.000000 1070.000000 1050.000000 995.000000 975.000000 975.000000 975.000000 975.000000 2100000.000000 1900000.000000 1800000.000000 1100000.000000 550000.000000 550000.000000 350000.000000 350000.000000 3525.000000 3515.000000 3515.000000 3490.000000 3490.000000 1025.000000 1020.000000 1015.000000 1000.000000 980.000000 28.000000 38.000000 24.000000 6.000000 11.000000 0.000000 0.000000 0.000000 0.000000 0.000000 6860000.000000 6780000.000000 6390000.000000 6150000.000000 5400000.000000 2.000000 14.170000 8750076.380000 10.000000 -11989594.700000 50.210000 1042725.230000 2100000.000000 1750000.000000 -11.928750 0.000000 0.000000 0.000000 0.000000 0.000000 0.000000 0.000000

Function evaluations  152
Usage of recombination operators
  SBX   16.67%
  DE    16.67%
  PCX   16.67%
  SPX   16.67%
  UNDX  16.67%
  UM    16.67%
Improvements     4
Restarts         0
Population size  100
Archive size     1
15.000000 15.000000 1095.000000 1070.000000 1050.000000 995.000000 975.000000 975.000000 975.000000 975.000000 2100000.000000 1900000.000000 1800000.000000 1100000.000000 550000.000000 550000.000000 350000.000000 350000.000000 3525.000000 3515.000000 3515.000000 3490.000000 3490.000000 1025.000000 1020.000000 1015.000000 1000.000000 980.000000 28.000000 38.000000 24.000000 6.000000 11.000000 0.000000 0.000000 0.000000 0.000000 0.000000 6860000.000000 6780000.000000 6390000.000000 6150000.000000 5400000.000000 2.000000 14.170000 8750076.380000 10.000000 -11989594.700000 50.210000 1042725.230000 2100000.000000 1750000.000000 -11.928750 0.000000 0.000000 0.000000 0.000000 0.000000 0.000000 0.000000

Function evaluations  153
Usage of recombination operators
  SBX   16.67%
  DE    16.67%
  PCX   16.67%
  SPX   16.67%
  UNDX  16.67%
  UM    16.67%
Improvements     4
Restarts         0
Population size  100
Archive size     1
15.000000 15.000000 1095.000000 1070.000000 1050.000000 995.000000 975.000000 975.000000 975.000000 975.000000 2100000.000000 1900000.000000 1800000.000000 1100000.000000 550000.000000 550000.000000 350000.000000 350000.000000 3525.000000 3515.000000 3515.000000 3490.000000 3490.000000 1025.000000 1020.000000 1015.000000 1000.000000 980.000000 28.000000 38.000000 24.000000 6.000000 11.000000 0.000000 0.000000 0.000000 0.000000 0.000000 6860000.000000 6780000.000000 6390000.000000 6150000.000000 5400000.000000 2.000000 14.170000 8750076.380000 10.000000 -11989594.700000 50.210000 1042725.230000 2100000.000000 1750000.000000 -11.928750 0.000000 0.000000 0.000000 0.000000 0.000000 0.000000 0.000000

Function evaluations  154
Usage of recombination operators
  SBX   16.67%
  DE    16.67%
  PCX   16.67%
  SPX   16.67%
  UNDX  16.67%
  UM    16.67%
Improvements     4
Restarts         0
Population size  100
Archive size     1
15.000000 15.000000 1095.000000 1070.000000 1050.000000 995.000000 975.000000 975.000000 975.000000 975.000000 2100000.000000 1900000.000000 1800000.000000 1100000.000000 550000.000000 550000.000000 350000.000000 350000.000000 3525.000000 3515.000000 3515.000000 3490.000000 3490.000000 1025.000000 1020.000000 1015.000000 1000.000000 980.000000 28.000000 38.000000 24.000000 6.000000 11.000000 0.000000 0.000000 0.000000 0.000000 0.000000 6860000.000000 6780000.000000 6390000.000000 6150000.000000 5400000.000000 2.000000 14.170000 8750076.380000 10.000000 -11989594.700000 50.210000 1042725.230000 2100000.000000 1750000.000000 -11.928750 0.000000 0.000000 0.000000 0.000000 0.000000 0.000000 0.000000

Function evaluations  155
Usage of recombination operators
  SBX   16.67%
  DE    16.67%
  PCX   16.67%
  SPX   16.67%
  UNDX  16.67%
  UM    16.67%
Improvements     4
Restarts         0
Population size  100
Archive size     1
15.000000 15.000000 1095.000000 1070.000000 1050.000000 995.000000 975.000000 975.000000 975.000000 975.000000 2100000.000000 1900000.000000 1800000.000000 1100000.000000 550000.000000 550000.000000 350000.000000 350000.000000 3525.000000 3515.000000 3515.000000 3490.000000 3490.000000 1025.000000 1020.000000 1015.000000 1000.000000 980.000000 28.000000 38.000000 24.000000 6.000000 11.000000 0.000000 0.000000 0.000000 0.000000 0.000000 6860000.000000 6780000.000000 6390000.000000 6150000.000000 5400000.000000 2.000000 14.170000 8750076.380000 10.000000 -11989594.700000 50.210000 1042725.230000 2100000.000000 1750000.000000 -11.928750 0.000000 0.000000 0.000000 0.000000 0.000000 0.000000 0.000000

Function evaluations  157
Usage of recombination operators
  SBX   16.67%
  DE    16.67%
  PCX   16.67%
  SPX   16.67%
  UNDX  16.67%
  UM    16.67%
Improvements     4
Restarts         0
Population size  100
Archive size     1
15.000000 15.000000 1095.000000 1070.000000 1050.000000 995.000000 975.000000 975.000000 975.000000 975.000000 2100000.000000 1900000.000000 1800000.000000 1100000.000000 550000.000000 550000.000000 350000.000000 350000.000000 3525.000000 3515.000000 3515.000000 3490.000000 3490.000000 1025.000000 1020.000000 1015.000000 1000.000000 980.000000 28.000000 38.000000 24.000000 6.000000 11.000000 0.000000 0.000000 0.000000 0.000000 0.000000 6860000.000000 6780000.000000 6390000.000000 6150000.000000 5400000.000000 2.000000 14.170000 8750076.380000 10.000000 -11989594.700000 50.210000 1042725.230000 2100000.000000 1750000.000000 -11.928750 0.000000 0.000000 0.000000 0.000000 0.000000 0.000000 0.000000

Function evaluations  159
Usage of recombination operators
  SBX   16.67%
  DE    16.67%
  PCX   16.67%
  SPX   16.67%
  UNDX  16.67%
  UM    16.67%
Improvements     4
Restarts         0
Population size  100
Archive size     1
15.000000 15.000000 1095.000000 1070.000000 1050.000000 995.000000 975.000000 975.000000 975.000000 975.000000 2100000.000000 1900000.000000 1800000.000000 1100000.000000 550000.000000 550000.000000 350000.000000 350000.000000 3525.000000 3515.000000 3515.000000 3490.000000 3490.000000 1025.000000 1020.000000 1015.000000 1000.000000 980.000000 28.000000 38.000000 24.000000 6.000000 11.000000 0.000000 0.000000 0.000000 0.000000 0.000000 6860000.000000 6780000.000000 6390000.000000 6150000.000000 5400000.000000 2.000000 14.170000 8750076.380000 10.000000 -11989594.700000 50.210000 1042725.230000 2100000.000000 1750000.000000 -11.928750 0.000000 0.000000 0.000000 0.000000 0.000000 0.000000 0.000000

Function evaluations  161
Usage of recombination operators
  SBX   16.67%
  DE    16.67%
  PCX   16.67%
  SPX   16.67%
  UNDX  16.67%
  UM    16.67%
Improvements     4
Restarts         0
Population size  100
Archive size     1
15.000000 15.000000 1095.000000 1070.000000 1050.000000 995.000000 975.000000 975.000000 975.000000 975.000000 2100000.000000 1900000.000000 1800000.000000 1100000.000000 550000.000000 550000.000000 350000.000000 350000.000000 3525.000000 3515.000000 3515.000000 3490.000000 3490.000000 1025.000000 1020.000000 1015.000000 1000.000000 980.000000 28.000000 38.000000 24.000000 6.000000 11.000000 0.000000 0.000000 0.000000 0.000000 0.000000 6860000.000000 6780000.000000 6390000.000000 6150000.000000 5400000.000000 2.000000 14.170000 8750076.380000 10.000000 -11989594.700000 50.210000 1042725.230000 2100000.000000 1750000.000000 -11.928750 0.000000 0.000000 0.000000 0.000000 0.000000 0.000000 0.000000

Function evaluations  162
Usage of recombination operators
  SBX   16.67%
  DE    16.67%
  PCX   16.67%
  SPX   16.67%
  UNDX  16.67%
  UM    16.67%
Improvements     4
Restarts         0
Population size  100
Archive size     1
15.000000 15.000000 1095.000000 1070.000000 1050.000000 995.000000 975.000000 975.000000 975.000000 975.000000 2100000.000000 1900000.000000 1800000.000000 1100000.000000 550000.000000 550000.000000 350000.000000 350000.000000 3525.000000 3515.000000 3515.000000 3490.000000 3490.000000 1025.000000 1020.000000 1015.000000 1000.000000 980.000000 28.000000 38.000000 24.000000 6.000000 11.000000 0.000000 0.000000 0.000000 0.000000 0.000000 6860000.000000 6780000.000000 6390000.000000 6150000.000000 5400000.000000 2.000000 14.170000 8750076.380000 10.000000 -11989594.700000 50.210000 1042725.230000 2100000.000000 1750000.000000 -11.928750 0.000000 0.000000 0.000000 0.000000 0.000000 0.000000 0.000000

Function evaluations  164
Usage of recombination operators
  SBX   16.67%
  DE    16.67%
  PCX   16.67%
  SPX   16.67%
  UNDX  16.67%
  UM    16.67%
Improvements     4
Restarts         0
Population size  100
Archive size     1
15.000000 15.000000 1095.000000 1070.000000 1050.000000 995.000000 975.000000 975.000000 975.000000 975.000000 2100000.000000 1900000.000000 1800000.000000 1100000.000000 550000.000000 550000.000000 350000.000000 350000.000000 3525.000000 3515.000000 3515.000000 3490.000000 3490.000000 1025.000000 1020.000000 1015.000000 1000.000000 980.000000 28.000000 38.000000 24.000000 6.000000 11.000000 0.000000 0.000000 0.000000 0.000000 0.000000 6860000.000000 6780000.000000 6390000.000000 6150000.000000 5400000.000000 2.000000 14.170000 8750076.380000 10.000000 -11989594.700000 50.210000 1042725.230000 2100000.000000 1750000.000000 -11.928750 0.000000 0.000000 0.000000 0.000000 0.000000 0.000000 0.000000

Function evaluations  166
Usage of recombination operators
  SBX   16.67%
  DE    16.67%
  PCX   16.67%
  SPX   16.67%
  UNDX  16.67%
  UM    16.67%
Improvements     4
Restarts         0
Population size  100
Archive size     1
15.000000 15.000000 1095.000000 1070.000000 1050.000000 995.000000 975.000000 975.000000 975.000000 975.000000 2100000.000000 1900000.000000 1800000.000000 1100000.000000 550000.000000 550000.000000 350000.000000 350000.000000 3525.000000 3515.000000 3515.000000 3490.000000 3490.000000 1025.000000 1020.000000 1015.000000 1000.000000 980.000000 28.000000 38.000000 24.000000 6.000000 11.000000 0.000000 0.000000 0.000000 0.000000 0.000000 6860000.000000 6780000.000000 6390000.000000 6150000.000000 5400000.000000 2.000000 14.170000 8750076.380000 10.000000 -11989594.700000 50.210000 1042725.230000 2100000.000000 1750000.000000 -11.928750 0.000000 0.000000 0.000000 0.000000 0.000000 0.000000 0.000000

Function evaluations  168
Usage of recombination operators
  SBX   16.67%
  DE    16.67%
  PCX   16.67%
  SPX   16.67%
  UNDX  16.67%
  UM    16.67%
Improvements     4
Restarts         0
Population size  100
Archive size     1
15.000000 15.000000 1095.000000 1070.000000 1050.000000 995.000000 975.000000 975.000000 975.000000 975.000000 2100000.000000 1900000.000000 1800000.000000 1100000.000000 550000.000000 550000.000000 350000.000000 350000.000000 3525.000000 3515.000000 3515.000000 3490.000000 3490.000000 1025.000000 1020.000000 1015.000000 1000.000000 980.000000 28.000000 38.000000 24.000000 6.000000 11.000000 0.000000 0.000000 0.000000 0.000000 0.000000 6860000.000000 6780000.000000 6390000.000000 6150000.000000 5400000.000000 2.000000 14.170000 8750076.380000 10.000000 -11989594.700000 50.210000 1042725.230000 2100000.000000 1750000.000000 -11.928750 0.000000 0.000000 0.000000 0.000000 0.000000 0.000000 0.000000

Function evaluations  170
Usage of recombination operators
  SBX   16.67%
  DE    16.67%
  PCX   16.67%
  SPX   16.67%
  UNDX  16.67%
  UM    16.67%
Improvements     4
Restarts         0
Population size  100
Archive size     1
15.000000 15.000000 1095.000000 1070.000000 1050.000000 995.000000 975.000000 975.000000 975.000000 975.000000 2100000.000000 1900000.000000 1800000.000000 1100000.000000 550000.000000 550000.000000 350000.000000 350000.000000 3525.000000 3515.000000 3515.000000 3490.000000 3490.000000 1025.000000 1020.000000 1015.000000 1000.000000 980.000000 28.000000 38.000000 24.000000 6.000000 11.000000 0.000000 0.000000 0.000000 0.000000 0.000000 6860000.000000 6780000.000000 6390000.000000 6150000.000000 5400000.000000 2.000000 14.170000 8750076.380000 10.000000 -11989594.700000 50.210000 1042725.230000 2100000.000000 1750000.000000 -11.928750 0.000000 0.000000 0.000000 0.000000 0.000000 0.000000 0.000000

Function evaluations  172
Usage of recombination operators
  SBX   16.67%
  DE    16.67%
  PCX   16.67%
  SPX   16.67%
  UNDX  16.67%
  UM    16.67%
Improvements     4
Restarts         0
Population size  100
Archive size     1
15.000000 15.000000 1095.000000 1070.000000 1050.000000 995.000000 975.000000 975.000000 975.000000 975.000000 2100000.000000 1900000.000000 1800000.000000 1100000.000000 550000.000000 550000.000000 350000.000000 350000.000000 3525.000000 3515.000000 3515.000000 3490.000000 3490.000000 1025.000000 1020.000000 1015.000000 1000.000000 980.000000 28.000000 38.000000 24.000000 6.000000 11.000000 0.000000 0.000000 0.000000 0.000000 0.000000 6860000.000000 6780000.000000 6390000.000000 6150000.000000 5400000.000000 2.000000 14.170000 8750076.380000 10.000000 -11989594.700000 50.210000 1042725.230000 2100000.000000 1750000.000000 -11.928750 0.000000 0.000000 0.000000 0.000000 0.000000 0.000000 0.000000

Function evaluations  173
Usage of recombination operators
  SBX   16.67%
  DE    16.67%
  PCX   16.67%
  SPX   16.67%
  UNDX  16.67%
  UM    16.67%
Improvements     4
Restarts         0
Population size  100
Archive size     1
15.000000 15.000000 1095.000000 1070.000000 1050.000000 995.000000 975.000000 975.000000 975.000000 975.000000 2100000.000000 1900000.000000 1800000.000000 1100000.000000 550000.000000 550000.000000 350000.000000 350000.000000 3525.000000 3515.000000 3515.000000 3490.000000 3490.000000 1025.000000 1020.000000 1015.000000 1000.000000 980.000000 28.000000 38.000000 24.000000 6.000000 11.000000 0.000000 0.000000 0.000000 0.000000 0.000000 6860000.000000 6780000.000000 6390000.000000 6150000.000000 5400000.000000 2.000000 14.170000 8750076.380000 10.000000 -11989594.700000 50.210000 1042725.230000 2100000.000000 1750000.000000 -11.928750 0.000000 0.000000 0.000000 0.000000 0.000000 0.000000 0.000000

Function evaluations  175
Usage of recombination operators
  SBX   16.67%
  DE    16.67%
  PCX   16.67%
  SPX   16.67%
  UNDX  16.67%
  UM    16.67%
Improvements     4
Restarts         0
Population size  100
Archive size     1
15.000000 15.000000 1095.000000 1070.000000 1050.000000 995.000000 975.000000 975.000000 975.000000 975.000000 2100000.000000 1900000.000000 1800000.000000 1100000.000000 550000.000000 550000.000000 350000.000000 350000.000000 3525.000000 3515.000000 3515.000000 3490.000000 3490.000000 1025.000000 1020.000000 1015.000000 1000.000000 980.000000 28.000000 38.000000 24.000000 6.000000 11.000000 0.000000 0.000000 0.000000 0.000000 0.000000 6860000.000000 6780000.000000 6390000.000000 6150000.000000 5400000.000000 2.000000 14.170000 8750076.380000 10.000000 -11989594.700000 50.210000 1042725.230000 2100000.000000 1750000.000000 -11.928750 0.000000 0.000000 0.000000 0.000000 0.000000 0.000000 0.000000

Function evaluations  177
Usage of recombination operators
  SBX   16.67%
  DE    16.67%
  PCX   16.67%
  SPX   16.67%
  UNDX  16.67%
  UM    16.67%
Improvements     4
Restarts         0
Population size  100
Archive size     1
15.000000 15.000000 1095.000000 1070.000000 1050.000000 995.000000 975.000000 975.000000 975.000000 975.000000 2100000.000000 1900000.000000 1800000.000000 1100000.000000 550000.000000 550000.000000 350000.000000 350000.000000 3525.000000 3515.000000 3515.000000 3490.000000 3490.000000 1025.000000 1020.000000 1015.000000 1000.000000 980.000000 28.000000 38.000000 24.000000 6.000000 11.000000 0.000000 0.000000 0.000000 0.000000 0.000000 6860000.000000 6780000.000000 6390000.000000 6150000.000000 5400000.000000 2.000000 14.170000 8750076.380000 10.000000 -11989594.700000 50.210000 1042725.230000 2100000.000000 1750000.000000 -11.928750 0.000000 0.000000 0.000000 0.000000 0.000000 0.000000 0.000000

Function evaluations  179
Usage of recombination operators
  SBX   16.67%
  DE    16.67%
  PCX   16.67%
  SPX   16.67%
  UNDX  16.67%
  UM    16.67%
Improvements     4
Restarts         0
Population size  100
Archive size     1
15.000000 15.000000 1095.000000 1070.000000 1050.000000 995.000000 975.000000 975.000000 975.000000 975.000000 2100000.000000 1900000.000000 1800000.000000 1100000.000000 550000.000000 550000.000000 350000.000000 350000.000000 3525.000000 3515.000000 3515.000000 3490.000000 3490.000000 1025.000000 1020.000000 1015.000000 1000.000000 980.000000 28.000000 38.000000 24.000000 6.000000 11.000000 0.000000 0.000000 0.000000 0.000000 0.000000 6860000.000000 6780000.000000 6390000.000000 6150000.000000 5400000.000000 2.000000 14.170000 8750076.380000 10.000000 -11989594.700000 50.210000 1042725.230000 2100000.000000 1750000.000000 -11.928750 0.000000 0.000000 0.000000 0.000000 0.000000 0.000000 0.000000

Function evaluations  180
Usage of recombination operators
  SBX   16.67%
  DE    16.67%
  PCX   16.67%
  SPX   16.67%
  UNDX  16.67%
  UM    16.67%
Improvements     4
Restarts         0
Population size  100
Archive size     1
15.000000 15.000000 1095.000000 1070.000000 1050.000000 995.000000 975.000000 975.000000 975.000000 975.000000 2100000.000000 1900000.000000 1800000.000000 1100000.000000 550000.000000 550000.000000 350000.000000 350000.000000 3525.000000 3515.000000 3515.000000 3490.000000 3490.000000 1025.000000 1020.000000 1015.000000 1000.000000 980.000000 28.000000 38.000000 24.000000 6.000000 11.000000 0.000000 0.000000 0.000000 0.000000 0.000000 6860000.000000 6780000.000000 6390000.000000 6150000.000000 5400000.000000 2.000000 14.170000 8750076.380000 10.000000 -11989594.700000 50.210000 1042725.230000 2100000.000000 1750000.000000 -11.928750 0.000000 0.000000 0.000000 0.000000 0.000000 0.000000 0.000000

Function evaluations  181
Usage of recombination operators
  SBX   16.67%
  DE    16.67%
  PCX   16.67%
  SPX   16.67%
  UNDX  16.67%
  UM    16.67%
Improvements     4
Restarts         0
Population size  100
Archive size     1
15.000000 15.000000 1095.000000 1070.000000 1050.000000 995.000000 975.000000 975.000000 975.000000 975.000000 2100000.000000 1900000.000000 1800000.000000 1100000.000000 550000.000000 550000.000000 350000.000000 350000.000000 3525.000000 3515.000000 3515.000000 3490.000000 3490.000000 1025.000000 1020.000000 1015.000000 1000.000000 980.000000 28.000000 38.000000 24.000000 6.000000 11.000000 0.000000 0.000000 0.000000 0.000000 0.000000 6860000.000000 6780000.000000 6390000.000000 6150000.000000 5400000.000000 2.000000 14.170000 8750076.380000 10.000000 -11989594.700000 50.210000 1042725.230000 2100000.000000 1750000.000000 -11.928750 0.000000 0.000000 0.000000 0.000000 0.000000 0.000000 0.000000

Function evaluations  183
Usage of recombination operators
  SBX   16.67%
  DE    16.67%
  PCX   16.67%
  SPX   16.67%
  UNDX  16.67%
  UM    16.67%
Improvements     4
Restarts         0
Population size  100
Archive size     1
15.000000 15.000000 1095.000000 1070.000000 1050.000000 995.000000 975.000000 975.000000 975.000000 975.000000 2100000.000000 1900000.000000 1800000.000000 1100000.000000 550000.000000 550000.000000 350000.000000 350000.000000 3525.000000 3515.000000 3515.000000 3490.000000 3490.000000 1025.000000 1020.000000 1015.000000 1000.000000 980.000000 28.000000 38.000000 24.000000 6.000000 11.000000 0.000000 0.000000 0.000000 0.000000 0.000000 6860000.000000 6780000.000000 6390000.000000 6150000.000000 5400000.000000 2.000000 14.170000 8750076.380000 10.000000 -11989594.700000 50.210000 1042725.230000 2100000.000000 1750000.000000 -11.928750 0.000000 0.000000 0.000000 0.000000 0.000000 0.000000 0.000000

Function evaluations  185
Usage of recombination operators
  SBX   16.67%
  DE    16.67%
  PCX   16.67%
  SPX   16.67%
  UNDX  16.67%
  UM    16.67%
Improvements     4
Restarts         0
Population size  100
Archive size     1
15.000000 15.000000 1095.000000 1070.000000 1050.000000 995.000000 975.000000 975.000000 975.000000 975.000000 2100000.000000 1900000.000000 1800000.000000 1100000.000000 550000.000000 550000.000000 350000.000000 350000.000000 3525.000000 3515.000000 3515.000000 3490.000000 3490.000000 1025.000000 1020.000000 1015.000000 1000.000000 980.000000 28.000000 38.000000 24.000000 6.000000 11.000000 0.000000 0.000000 0.000000 0.000000 0.000000 6860000.000000 6780000.000000 6390000.000000 6150000.000000 5400000.000000 2.000000 14.170000 8750076.380000 10.000000 -11989594.700000 50.210000 1042725.230000 2100000.000000 1750000.000000 -11.928750 0.000000 0.000000 0.000000 0.000000 0.000000 0.000000 0.000000

Function evaluations  187
Usage of recombination operators
  SBX   16.67%
  DE    16.67%
  PCX   16.67%
  SPX   16.67%
  UNDX  16.67%
  UM    16.67%
Improvements     4
Restarts         0
Population size  100
Archive size     1
15.000000 15.000000 1095.000000 1070.000000 1050.000000 995.000000 975.000000 975.000000 975.000000 975.000000 2100000.000000 1900000.000000 1800000.000000 1100000.000000 550000.000000 550000.000000 350000.000000 350000.000000 3525.000000 3515.000000 3515.000000 3490.000000 3490.000000 1025.000000 1020.000000 1015.000000 1000.000000 980.000000 28.000000 38.000000 24.000000 6.000000 11.000000 0.000000 0.000000 0.000000 0.000000 0.000000 6860000.000000 6780000.000000 6390000.000000 6150000.000000 5400000.000000 2.000000 14.170000 8750076.380000 10.000000 -11989594.700000 50.210000 1042725.230000 2100000.000000 1750000.000000 -11.928750 0.000000 0.000000 0.000000 0.000000 0.000000 0.000000 0.000000

Function evaluations  189
Usage of recombination operators
  SBX   16.67%
  DE    16.67%
  PCX   16.67%
  SPX   16.67%
  UNDX  16.67%
  UM    16.67%
Improvements     4
Restarts         0
Population size  100
Archive size     1
15.000000 15.000000 1095.000000 1070.000000 1050.000000 995.000000 975.000000 975.000000 975.000000 975.000000 2100000.000000 1900000.000000 1800000.000000 1100000.000000 550000.000000 550000.000000 350000.000000 350000.000000 3525.000000 3515.000000 3515.000000 3490.000000 3490.000000 1025.000000 1020.000000 1015.000000 1000.000000 980.000000 28.000000 38.000000 24.000000 6.000000 11.000000 0.000000 0.000000 0.000000 0.000000 0.000000 6860000.000000 6780000.000000 6390000.000000 6150000.000000 5400000.000000 2.000000 14.170000 8750076.380000 10.000000 -11989594.700000 50.210000 1042725.230000 2100000.000000 1750000.000000 -11.928750 0.000000 0.000000 0.000000 0.000000 0.000000 0.000000 0.000000

Function evaluations  191
Usage of recombination operators
  SBX   16.67%
  DE    16.67%
  PCX   16.67%
  SPX   16.67%
  UNDX  16.67%
  UM    16.67%
Improvements     4
Restarts         0
Population size  100
Archive size     1
15.000000 15.000000 1095.000000 1070.000000 1050.000000 995.000000 975.000000 975.000000 975.000000 975.000000 2100000.000000 1900000.000000 1800000.000000 1100000.000000 550000.000000 550000.000000 350000.000000 350000.000000 3525.000000 3515.000000 3515.000000 3490.000000 3490.000000 1025.000000 1020.000000 1015.000000 1000.000000 980.000000 28.000000 38.000000 24.000000 6.000000 11.000000 0.000000 0.000000 0.000000 0.000000 0.000000 6860000.000000 6780000.000000 6390000.000000 6150000.000000 5400000.000000 2.000000 14.170000 8750076.380000 10.000000 -11989594.700000 50.210000 1042725.230000 2100000.000000 1750000.000000 -11.928750 0.000000 0.000000 0.000000 0.000000 0.000000 0.000000 0.000000

Function evaluations  193
Usage of recombination operators
  SBX   16.67%
  DE    16.67%
  PCX   16.67%
  SPX   16.67%
  UNDX  16.67%
  UM    16.67%
Improvements     4
Restarts         0
Population size  100
Archive size     1
15.000000 15.000000 1095.000000 1070.000000 1050.000000 995.000000 975.000000 975.000000 975.000000 975.000000 2100000.000000 1900000.000000 1800000.000000 1100000.000000 550000.000000 550000.000000 350000.000000 350000.000000 3525.000000 3515.000000 3515.000000 3490.000000 3490.000000 1025.000000 1020.000000 1015.000000 1000.000000 980.000000 28.000000 38.000000 24.000000 6.000000 11.000000 0.000000 0.000000 0.000000 0.000000 0.000000 6860000.000000 6780000.000000 6390000.000000 6150000.000000 5400000.000000 2.000000 14.170000 8750076.380000 10.000000 -11989594.700000 50.210000 1042725.230000 2100000.000000 1750000.000000 -11.928750 0.000000 0.000000 0.000000 0.000000 0.000000 0.000000 0.000000

Function evaluations  194
Usage of recombination operators
  SBX   16.67%
  DE    16.67%
  PCX   16.67%
  SPX   16.67%
  UNDX  16.67%
  UM    16.67%
Improvements     4
Restarts         0
Population size  100
Archive size     1
15.000000 15.000000 1095.000000 1070.000000 1050.000000 995.000000 975.000000 975.000000 975.000000 975.000000 2100000.000000 1900000.000000 1800000.000000 1100000.000000 550000.000000 550000.000000 350000.000000 350000.000000 3525.000000 3515.000000 3515.000000 3490.000000 3490.000000 1025.000000 1020.000000 1015.000000 1000.000000 980.000000 28.000000 38.000000 24.000000 6.000000 11.000000 0.000000 0.000000 0.000000 0.000000 0.000000 6860000.000000 6780000.000000 6390000.000000 6150000.000000 5400000.000000 2.000000 14.170000 8750076.380000 10.000000 -11989594.700000 50.210000 1042725.230000 2100000.000000 1750000.000000 -11.928750 0.000000 0.000000 0.000000 0.000000 0.000000 0.000000 0.000000

Function evaluations  196
Usage of recombination operators
  SBX   16.67%
  DE    16.67%
  PCX   16.67%
  SPX   16.67%
  UNDX  16.67%
  UM    16.67%
Improvements     4
Restarts         0
Population size  100
Archive size     1
15.000000 15.000000 1095.000000 1070.000000 1050.000000 995.000000 975.000000 975.000000 975.000000 975.000000 2100000.000000 1900000.000000 1800000.000000 1100000.000000 550000.000000 550000.000000 350000.000000 350000.000000 3525.000000 3515.000000 3515.000000 3490.000000 3490.000000 1025.000000 1020.000000 1015.000000 1000.000000 980.000000 28.000000 38.000000 24.000000 6.000000 11.000000 0.000000 0.000000 0.000000 0.000000 0.000000 6860000.000000 6780000.000000 6390000.000000 6150000.000000 5400000.000000 2.000000 14.170000 8750076.380000 10.000000 -11989594.700000 50.210000 1042725.230000 2100000.000000 1750000.000000 -11.928750 0.000000 0.000000 0.000000 0.000000 0.000000 0.000000 0.000000

Function evaluations  197
Usage of recombination operators
  SBX   16.67%
  DE    16.67%
  PCX   16.67%
  SPX   16.67%
  UNDX  16.67%
  UM    16.67%
Improvements     4
Restarts         0
Population size  100
Archive size     1
15.000000 15.000000 1095.000000 1070.000000 1050.000000 995.000000 975.000000 975.000000 975.000000 975.000000 2100000.000000 1900000.000000 1800000.000000 1100000.000000 550000.000000 550000.000000 350000.000000 350000.000000 3525.000000 3515.000000 3515.000000 3490.000000 3490.000000 1025.000000 1020.000000 1015.000000 1000.000000 980.000000 28.000000 38.000000 24.000000 6.000000 11.000000 0.000000 0.000000 0.000000 0.000000 0.000000 6860000.000000 6780000.000000 6390000.000000 6150000.000000 5400000.000000 2.000000 14.170000 8750076.380000 10.000000 -11989594.700000 50.210000 1042725.230000 2100000.000000 1750000.000000 -11.928750 0.000000 0.000000 0.000000 0.000000 0.000000 0.000000 0.000000

Function evaluations  199
Usage of recombination operators
  SBX   16.67%
  DE    16.67%
  PCX   16.67%
  SPX   16.67%
  UNDX  16.67%
  UM    16.67%
Improvements     4
Restarts         0
Population size  100
Archive size     1
15.000000 15.000000 1095.000000 1070.000000 1050.000000 995.000000 975.000000 975.000000 975.000000 975.000000 2100000.000000 1900000.000000 1800000.000000 1100000.000000 550000.000000 550000.000000 350000.000000 350000.000000 3525.000000 3515.000000 3515.000000 3490.000000 3490.000000 1025.000000 1020.000000 1015.000000 1000.000000 980.000000 28.000000 38.000000 24.000000 6.000000 11.000000 0.000000 0.000000 0.000000 0.000000 0.000000 6860000.000000 6780000.000000 6390000.000000 6150000.000000 5400000.000000 2.000000 14.170000 8750076.380000 10.000000 -11989594.700000 50.210000 1042725.230000 2100000.000000 1750000.000000 -11.928750 0.000000 0.000000 0.000000 0.000000 0.000000 0.000000 0.000000

Function evaluations  201
Usage of recombination operators
  SBX   16.67%
  DE    16.67%
  PCX   16.67%
  SPX   16.67%
  UNDX  16.67%
  UM    16.67%
Improvements     5
Restarts         0
Population size  100
Archive size     1
5.000000 0.000000 1100.000000 1045.000000 1005.000000 1000.000000 985.000000 985.000000 980.000000 975.000000 2300000.000000 2250000.000000 2200000.000000 1000000.000000 800000.000000 350000.000000 200000.000000 150000.000000 3510.000000 3500.000000 3495.000000 3490.000000 3490.000000 1055.000000 1035.000000 985.000000 985.000000 980.000000 4.000000 18.000000 23.000000 3.000000 1.000000 1.000000 0.000000 1.000000 0.000000 1.000000 6190000.000000 5500000.000000 5310000.000000 5250000.000000 5160000.000000 2.000000 17.080000 8794929.740000 7.500000 -11200393.900000 46.460000 939189.110000 2300000.000000 2150000.000000 -7.812500 0.000000 0.000000 0.000000 0.000000 0.000000 0.000000 0.000000

