0.374540 0.796543 0.950714 0.183435 0.731994 0.779691 0.598658 0.596850 0.156019 0.445833 0.155995 0.099975 0.058084 0.459249 0.866176 0.333709 0.601115 0.142867 0.708073 0.650888 0.020584 0.056412 0.969910 0.721999 0.832443 0.938553 0.212339 0.000779 0.181825 0.992212 0.183405 0.617482 0.304242 0.611653 0.524756 0.007066 0.431945 0.023062 0.291229 0.524775 0.611853 0.399861 0.139494 0.046666
0.292145 0.973756 0.366362 0.232771 0.456070 0.090606 0.785176 0.618386 0.199674 0.382462 0.514234 0.983231 0.592415 0.466763 0.046450 0.859940 0.607545 0.680308 0.170524 0.450499 0.065052 0.013265 0.948886 0.942202 0.965632 0.563288 0.808397 0.385417 0.304614 0.015966 0.097672 0.230894 0.684233 0.241025 0.440152 0.683264 0.122038 0.609997 0.495177 0.833195 0.034389 0.173365 0.909320 0.391061
0.258780 0.182236 0.662522 0.755361 0.311711 0.425156 0.520068 0.207942 0.546710 0.567700 0.184854 0.031313 0.969585 0.842285 0.775133 0.449754 0.939499 0.395150 0.894827 0.926659 0.597900 0.727272 0.921874 0.326541 0.088492 0.570444 0.195983 0.520834 0.045227 0.961172 0.325330 0.844534 0.388677 0.747320 0.271349 0.539692 0.828738 0.586751 0.356753 0.965255 0.280935 0.607034 0.542696 0.275999
0.140924 0.296274 0.802197 0.165267 0.074551 0.015636 0.986887 0.423401 0.772245 0.394882 0.198716 0.293488 0.005522 0.014080 0.815461 0.198842 0.706857 0.711342 0.729007 0.790176 0.771270 0.605960 0.074045 0.926301 0.358466 0.651077 0.115869 0.914960 0.863103 0.850039 0.623298 0.449451 0.330898 0.095410 0.063558 0.370818 0.310982 0.668841 0.325183 0.665922 0.729606 0.591298 0.637557 0.274722
0.887213 0.561243 0.472215 0.382927 0.119594 0.971712 0.713245 0.848914 0.760785 0.721730 0.561277 0.235985 0.770967 0.256068 0.493796 0.040434 0.522733 0.710663 0.427541 0.110891 0.025419 0.439337 0.107891 0.201719 0.031429 0.895764 0.636410 0.475370 0.314356 0.563276 0.508571 0.695516 0.907566 0.139331 0.249292 0.604417 0.410383 0.539841 0.755551 0.203061 0.228798 0.942854 0.076980 0.598865
0.289751 0.694785 0.161221 0.880468 0.929698 0.624354 0.808120 0.295634 0.633404 0.105494 0.871461 0.456535 0.803672 0.218440 0.186570 0.416510 0.892559 0.883280 0.539342 0.324345 0.807440 0.122088 0.896091 0.356298 0.318003 0.906828 0.110052 0.272132 0.227935 0.647690 0.427108 0.000520 0.818015 0.352569 0.860731 0.304781 0.006952 0.164656 0.510747 0.534089 0.417411 0.484830 0.222108 0.692436
0.119865 0.269412 0.337615 0.244126 0.942910 0.168291 0.323203 0.218764 0.518791 0.558102 0.703019 0.403836 0.363630 0.064892 0.971782 0.253915 0.962447 0.246876 0.251782 0.696304 0.497249 0.712271 0.300878 0.148087 0.284840 0.997740 0.036887 0.266781 0.609564 0.976615 0.502679 0.411037 0.051479 0.033051 0.278646 0.345071 0.908266 0.634351 0.239562 0.680705 0.144895 0.530935 0.489453 0.447783
0.985650 0.552893 0.242055 0.592697 0.672136 0.080853 0.761620 0.369654 0.237638 0.242160 0.728216 0.803140 0.367783 0.470301 0.632306 0.983423 0.633530 0.398824 0.535775 0.816432 0.090290 0.798345 0.835302 0.150718 0.320780 0.508199 0.186519 0.695813 0.040775 0.858359 0.590893 0.325959 0.677564 0.220241 0.016588 0.711150 0.512093 0.809501 0.226496 0.348666 0.645173 0.096177 0.174366 0.940523
0.690938 0.397572 0.386735 0.517751 0.936730 0.837710 0.137521 0.675690 0.341066 0.735216 0.113474 0.209072 0.924694 0.541448 0.877339 0.695784 0.257942 0.228550 0.659984 0.174955 0.817222 0.982168 0.555201 0.516636 0.529651 0.260829 0.241852 0.996254 0.093103 0.965419 0.897216 0.558293 0.900418 0.882636 0.633101 0.188707 0.339030 0.278871 0.349210 0.700358 0.725956 0.846661 0.897110 0.856324
0.887086 0.404508 0.779876 0.887770 0.642032 0.850928 0.084140 0.935635 0.161629 0.785341 0.898554 0.668988 0.606429 0.580687 0.009197 0.372283 0.101472 0.940133 0.663502 0.973664 0.005062 0.283921 0.160808 0.305364 0.548734 0.485614 0.691895 0.448424 0.651961 0.994457 0.224269 0.175925 0.712179 0.018075 0.237249 0.493894 0.325400 0.178823 0.746491 0.366469 0.649633 0.744171 0.849223 0.720940
0.657613 0.308061 0.568309 0.542540 0.093675 0.508814 0.367716 0.636333 0.265202 0.250462 0.243990 0.589871 0.973011 0.978893 0.393098 0.486742 0.892047 0.906099 0.631139 0.434394 0.794811 0.350078 0.502637 0.645103 0.576904 0.668924 0.492518 0.864168 0.195243 0.230185 0.722452 0.499193 0.280772 0.572004 0.024316 0.768554 0.645472 0.043604 0.177111 0.994551 0.940459 0.469945 0.953929 0.279560
0.914864 0.883494 0.370159 0.747719 0.015457 0.953072 0.928319 0.330750 0.428184 0.552765 0.966655 0.572292 0.963620 0.980332 0.853009 0.075346 0.294449 0.305697 0.385098 0.190911 0.851137 0.268475 0.316922 0.485280 0.169493 0.372687 0.556801 0.394691 0.936155 0.844213 0.696030 0.930017 0.570061 0.070416 0.097176 0.208919 0.615007 0.671144 0.990054 0.358647 0.140084 0.254164 0.518330 0.295291
0.877373 0.322551 0.740769 0.848670 0.697016 0.136621 0.702484 0.708911 0.359491 0.552820 0.293592 0.296510 0.809361 0.419781 0.810113 0.256207 0.867072 0.611514 0.913241 0.081594 0.511342 0.005185 0.501516 0.627894 0.798295 0.194274 0.649964 0.070941 0.701967 0.396784 0.795793 0.050769 0.890005 0.886617 0.337995 0.027617 0.375583 0.578865 0.093982 0.438474 0.578280 0.672026 0.035942 0.328153
0.465598 0.155042 0.542645 0.981841 0.286541 0.838934 0.590833 0.860405 0.030500 0.250251 0.037348 0.038835 0.822601 0.303266 0.360191 0.537082 0.127061 0.326651 0.522243 0.827869 0.769994 0.271543 0.215821 0.965252 0.622890 0.457265 0.085347 0.842023 0.051682 0.194380 0.531355 0.411354 0.540635 0.699512 0.637430 0.138353 0.726091 0.132745 0.975852 0.969537 0.516300 0.714595 0.322956 0.041068
0.795186 0.398821 0.270832 0.433521 0.438971 0.744043 0.078456 0.250861 0.025351 0.184334 0.962648 0.080873 0.835980 0.428314 0.695974 0.688500 0.408953 0.058194 0.173294 0.915214 0.156437 0.442352 0.250243 0.239787 0.549227 0.093873 0.714596 0.182866 0.660197 0.934614 0.279934 0.638271 0.954865 0.516696 0.737897 0.657111 0.554354 0.435673 0.611721 0.730039 0.419600 0.047716 0.247731 0.566037
0.355973 0.158646 0.757846 0.120165 0.014393 0.341880 0.116073 0.091799 0.046003 0.094157 0.040729 0.311413 0.855461 0.979511 0.703658 0.175330 0.474174 0.017161 0.097834 0.763364 0.491616 0.806913 0.473472 0.346304 0.173202 0.464674 0.433852 0.649774 0.398505 0.048059 0.615850 0.949146 0.635094 0.886680 0.045304 0.260894 0.374613 0.015305 0.625860 0.933436 0.503136 0.501040 0.856490 0.539377
0.658694 0.683964 0.162934 0.615851 0.070569 0.943892 0.642419 0.944252 0.026511 0.867199 0.585776 0.636404 0.940230 0.800949 0.575474 0.677168 0.388170 0.573367 0.643288 0.128500 0.458253 0.811204 0.545617 0.820639 0.941465 0.625940 0.386103 0.820427 0.961191 0.651485 0.905351 0.206684 0.195791 0.273961 0.069361 0.214589 0.100778 0.377259 0.018222 0.038963 0.094443 0.618254 0.683007 0.336554
0.071189 0.655723 0.318976 0.385397 0.844875 0.681614 0.023272 0.340625 0.814468 0.260695 0.281855 0.496037 0.118165 0.692890 0.696737 0.348337 0.628943 0.936648 0.877472 0.039186 0.735071 0.417946 0.803481 0.967581 0.282035 0.547972 0.177440 0.423471 0.750615 0.568520 0.806835 0.575925 0.990505 0.731648 0.412618 0.127690 0.372018 0.250016 0.776413 0.580544 0.340804 0.867117 0.930757 0.561867
0.858413 0.238597 0.428994 0.679845 0.750871 0.739909 0.754543 0.238236 0.103124 0.377729 0.902553 0.534327 0.505252 0.496561 0.826457 0.389618 0.320050 0.297635 0.895523 0.099985 0.389202 0.053485 0.010838 0.958541 0.905382 0.847143 0.091287 0.354905 0.319314 0.956801 0.950062 0.676770 0.950607 0.482521 0.573438 0.493026 0.631837 0.083284 0.448446 0.091704 0.293211 0.602441 0.328665 0.553703
0.672518 0.212728 0.752375 0.946195 0.791579 0.781296 0.789618 0.113465 0.091206 0.930929 0.494420 0.974248 0.057559 0.995931 0.549529 0.055871 0.441530 0.737036 0.887704 0.545916 0.350915 0.705831 0.117067 0.968652 0.142992 0.688030 0.761511 0.836964 0.618218 0.866869 0.101123 0.838481 0.084107 0.426091 0.700969 0.222576 0.072763 0.396652 0.821860 0.891897 0.706242 0.146605 0.081349 0.513326
0.084838 0.233228 0.986640 0.581305 0.374271 0.863139 0.370642 0.880360 0.812800 0.236685 0.947249 0.907694 0.986001 0.591889 0.753378 0.350218 0.376260 0.708181 0.083501 0.481667 0.777147 0.377988 0.558404 0.705084 0.424222 0.248724 0.906354 0.330253 0.111197 0.434452 0.492625 0.253682 0.011354 0.405202 0.468661 0.571473 0.056303 0.740974 0.118818 0.767195 0.117526 0.822790 0.649210 0.744212
0.746045 0.681039 0.583369 0.237506 0.962173 0.400223 0.374871 0.477715 0.285712 0.082891 0.868599 0.528370 0.223596 0.436336 0.963223 0.802109 0.012154 0.977901 0.969879 0.556005 0.043160 0.322686 0.891143 0.043401 0.527701 0.924643 0.992965 0.919116 0.073797 0.252990 0.553854 0.695411 0.969303 0.075435 0.523098 0.166215 0.629399 0.216809 0.695749 0.294494 0.454541 0.995831 0.627558 0.696925
0.584314 0.384202 0.901158 0.737101 0.045446 0.915254 0.280963 0.958702 0.950411 0.057864 0.890264 0.394522 0.455657 0.106756 0.620133 0.335660 0.277381 0.169680 0.188121 0.646848 0.463698 0.388268 0.353352 0.229395 0.583656 0.265938 0.077735 0.360345 0.974395 0.259950 0.986211 0.453241 0.698162 0.032316 0.536096 0.279764 0.309528 0.411207 0.813795 0.602782 0.684731 0.270958 0.162617 0.133185
0.910927 0.076200 0.822537 0.940532 0.949800 0.416639 0.725720 0.581163 0.613415 0.919177 0.418243 0.082748 0.932728 0.876661 0.866064 0.551588 0.045219 0.164834 0.026367 0.411255 0.376463 0.777602 0.810553 0.480370 0.987276 0.985286 0.150417 0.376739 0.594131 0.749578 0.380891 0.392989 0.969914 0.829164 0.842119 0.569081 0.838329 0.063512 0.468693 0.036822 0.414820 0.133852 0.273407 0.013672
0.056375 0.075359 0.864722 0.691714 0.812901 0.534346 0.999718 0.749911 0.996637 0.913166 0.555432 0.585150 0.768987 0.726121 0.944766 0.757081 0.849647 0.377851 0.247348 0.241085 0.450544 0.205045 0.129159 0.251442 0.954051 0.274732 0.606175 0.207228 0.228643 0.878221 0.671701 0.756999 0.618128 0.046896 0.358163 0.268672 0.113558 0.022185 0.671573 0.498165 0.520308 0.476211 0.772318 0.831371
0.520164 0.307777 0.852181 0.816386 0.551907 0.967974 0.560938 0.088408 0.876654 0.791818 0.403483 0.589956 0.134015 0.480046 0.028783 0.420536 0.755137 0.784668 0.620310 0.639361 0.704080 0.805045 0.212964 0.903151 0.136371 0.617264 0.014545 0.980463 0.350588 0.608088 0.589918 0.636644 0.392244 0.554816 0.437475 0.091002 0.904159 0.726397 0.348255 0.547446 0.513989 0.450910 0.783653 0.910471
0.396543 0.297959 0.622087 0.523602 0.862364 0.697642 0.949521 0.796472 0.147073 0.459347 0.926588 0.842091 0.492116 0.768918 0.258244 0.066236 0.459136 0.045861 0.980033 0.620806 0.492618 0.347413 0.328752 0.209131 0.633401 0.579650 0.240146 0.341563 0.075863 0.537263 0.128880 0.460119 0.128046 0.584766 0.151903 0.400300 0.138827 0.697668 0.640875 0.180067 0.181880 0.696501 0.345667 0.411661
0.896788 0.874318 0.473962 0.515236 0.667558 0.973110 0.172320 0.601935 0.192289 0.223849 0.040869 0.821791 0.168935 0.345083 0.278590 0.347619 0.177010 0.031805 0.088703 0.548715 0.120636 0.534424 0.460779 0.355991 0.206334 0.894217 0.364270 0.128748 0.503417 0.330100 0.690395 0.321583 0.039312 0.092291 0.799410 0.481145 0.627900 0.687785 0.081759 0.511657 0.873579 0.156978 0.920872 0.377286
0.061078 0.002595 0.276878 0.868301 0.806201 0.084517 0.748260 0.597278 0.184521 0.986257 0.209349 0.536591 0.370472 0.924042 0.484523 0.236117 0.618255 0.759955 0.368914 0.531266 0.462535 0.720516 0.747471 0.062341 0.036683 0.147739 0.252437 0.133117 0.713350 0.687165 0.895207 0.844441 0.511677 0.749616 0.532113 0.030472 0.107172 0.867215 0.447412 0.354147 0.532617 0.397164 0.242471 0.104869
0.269243 0.737405 0.377284 0.182284 0.020071 0.563965 0.322079 0.840710 0.211448 0.089204 0.327497 0.535336 0.119762 0.233216 0.890527 0.342927 0.593592 0.473970 0.679102 0.355104 0.789171 0.648823 0.498442 0.479582 0.086920 0.584199 0.537107 0.736822 0.586841 0.557742 0.745439 0.586535 0.431660 0.564459 0.127580 0.378773 0.283776 0.337447 0.363082 0.899647 0.645917 0.607555 0.570778 0.244353
0.356097 0.498248 0.986515 0.330348 0.605775 0.933692 0.237227 0.007534 0.101782 0.225333 0.152859 0.365357 0.245958 0.487810 0.160681 0.850818 0.186567 0.087888 0.285095 0.805865 0.173374 0.055653 0.896765 0.842314 0.080234 0.051635 0.524511 0.018242 0.410397 0.696961 0.982379 0.997256 0.112039 0.896610 0.397856 0.575998 0.969470 0.917396 0.865507 0.005300 0.817072 0.975067 0.257903 0.490749
0.170888 0.722896 0.668643 0.820861 0.929376 0.718457 0.556763 0.535037 0.571613 0.476619 0.279979 0.838583 0.769493 0.205078 0.187044 0.967994 0.323679 0.710952 0.425436 0.199507 0.507610 0.736247 0.242410 0.529840 0.114837 0.707230 0.610620 0.767780 0.288631 0.087290 0.581238 0.506104 0.154363 0.932014 0.481140 0.320642 0.532589 0.593883 0.051824 0.369230 0.336604 0.454268 0.134415 0.548603
0.063375 0.548922 0.989960 0.201730 0.322354 0.684572 0.809874 0.087868 0.254641 0.138825 0.681503 0.002711 0.760228 0.116696 0.595639 0.473166 0.471576 0.606102 0.411841 0.794289 0.348868 0.106699 0.929529 0.850727 0.830619 0.745975 0.965027 0.408518 0.124297 0.932938 0.730867 0.990929 0.938340 0.205002 0.181233 0.379229 0.066496 0.926449 0.741121 0.721597 0.574473 0.048095 0.841829 0.781514
0.139772 0.827941 0.795267 0.750502 0.201627 0.799537 0.163656 0.825133 0.164266 0.186405 0.814575 0.235692 0.665197 0.633759 0.523065 0.907866 0.358830 0.316197 0.877201 0.588307 0.392445 0.682982 0.816599 0.451949 0.439135 0.713782 0.376944 0.899667 0.462680 0.624102 0.301378 0.539781 0.747609 0.438745 0.502720 0.577486 0.232213 0.355362 0.899575 0.391482 0.383891 0.531857 0.543553 0.066619
0.906472 0.229025 0.624238 0.542849 0.116898 0.431528 0.939832 0.332816 0.627708 0.730549 0.334906 0.693718 0.139272 0.166731 0.794025 0.878629 0.620073 0.495424 0.533461 0.741461 0.893893 0.573151 0.788597 0.997693 0.151675 0.752403 0.311722 0.706980 0.248489 0.778572 0.743946 0.143128 0.033532 0.204545 0.569890 0.714064 0.762459 0.493981 0.876766 0.754635 0.342082 0.102916 0.821257 0.536481
0.110632 0.378822 0.846452 0.457000 0.127489 0.603958 0.397287 0.502288 0.797295 0.539861 0.149917 0.486357 0.229251 0.408955 0.722253 0.771882 0.720037 0.012203 0.641148 0.598443 0.693948 0.565508 0.542724 0.716179 0.251799 0.599029 0.345696 0.826799 0.181598 0.959075 0.908451 0.342524 0.583392 0.227351 0.400851 0.423597 0.462006 0.287930 0.947283 0.614950 0.153351 0.911852 0.586230 0.139116
0.505889 0.100795 0.611454 0.256016 0.018110 0.726096 0.872124 0.592963 0.932118 0.102213 0.565133 0.918751 0.696651 0.790085 0.922499 0.023023 0.707239 0.651367 0.152539 0.771247 0.576288 0.374435 0.606715 0.068922 0.424131 0.077321 0.736444 0.104247 0.934367 0.840440 0.925569 0.910686 0.450839 0.122811 0.113238 0.235906 0.984841 0.165521 0.838898 0.186321 0.124663 0.837491 0.920842 0.332146
0.869896 0.311444 0.518838 0.227396 0.591275 0.607894 0.399003 0.379306 0.054762 0.744250 0.335197 0.205580 0.802853 0.787790 0.004632 0.603722 0.333499 0.114267 0.398169 0.414505 0.537396 0.863518 0.919856 0.922960 0.346346 0.465700 0.346953 0.480837 0.737501 0.918455 0.452218 0.587068 0.224605 0.032847 0.452440 0.912749 0.140857 0.248226 0.176387 0.577632 0.498368 0.165513 0.418925 0.033879
0.914846 0.311473 0.362394 0.780496 0.580588 0.277587 0.632264 0.220097 0.013094 0.212681 0.663537 0.515174 0.178036 0.975541 0.961070 0.458989 0.148663 0.557305 0.414624 0.860632 0.085350 0.535070 0.996874 0.184463 0.502195 0.299596 0.595385 0.309937 0.067076 0.397318 0.749960 0.426789 0.209906 0.799782 0.898054 0.349387 0.205140 0.468232 0.190688 0.624976 0.036550 0.377726 0.472067 0.836565
0.564841 0.587454 0.065709 0.294045 0.775528 0.714059 0.453289 0.527648 0.524390 0.534456 0.440763 0.481088 0.400763 0.497012 0.559640 0.765356 0.155240 0.102981 0.181928 0.334363 0.861786 0.075503 0.946115 0.753246 0.373309 0.272302 0.270745 0.897430 0.644000 0.526578 0.408734 0.800750 0.025386 0.978931 0.156153 0.839789 0.715972 0.866994 0.658924 0.407984 0.027096 0.551723 0.221972 0.253889
0.231075 0.196113 0.671893 0.505508 0.019711 0.595049 0.104109 0.339271 0.799916 0.569444 0.178545 0.887460 0.652746 0.556722 0.238183 0.720813 0.099441 0.805315 0.243172 0.988729 0.722267 0.603197 0.855696 0.806850 0.830220 0.962649 0.397184 0.944410 0.668085 0.141082 0.204984 0.406392 0.293148 0.323990 0.896336 0.086925 0.013002 0.633241 0.085509 0.735905 0.207886 0.848128 0.026532 0.122777
0.181435 0.876444 0.583042 0.642926 0.421425 0.703946 0.892672 0.910624 0.817444 0.624761 0.341817 0.335866 0.259423 0.825107 0.379692 0.363059 0.590295 0.034228 0.268064 0.830655 0.624149 0.345192 0.409412 0.773835 0.552047 0.362758 0.436127 0.861068 0.294466 0.219511 0.948453 0.974547 0.763606 0.779759 0.140113 0.114238 0.868468 0.565777 0.487431 0.985367 0.894552 0.471065 0.799855 0.182107
0.425214 0.484778 0.022469 0.512458 0.268677 0.741687 0.541634 0.698846 0.633478 0.402550 0.257888 0.218023 0.139356 0.645054 0.834930 0.421704 0.984402 0.132276 0.525690 0.900572 0.171679 0.691222 0.272307 0.683184 0.018391 0.822584 0.914299 0.529662 0.117751 0.815054 0.576516 0.498091 0.274055 0.067175 0.554178 0.405248 0.651420 0.497465 0.829742 0.720203 0.206421 0.106579 0.010996 0.140019
0.136886 0.263684 0.900019 0.266498 0.873890 0.732185 0.597413 0.250731 0.600517 0.633098 0.665037 0.494274 0.175371 0.573294 0.914412 0.838107 0.418771 0.404382 0.383139 0.770911 0.518918 0.422036 0.046966 0.353871 0.166283 0.958627 0.738034 0.184371 0.082799 0.090337 0.603152 0.770986 0.245349 0.068250 0.389296 0.837079 0.288694 0.437193 0.355673 0.915514 0.719046 0.721533 0.297122 0.610405
0.566405 0.949307 0.476050 0.396649 0.663671 0.954087 0.936830 0.135001 0.732572 0.483755 0.214940 0.269911 0.031183 0.539843 0.262264 0.162014 0.595078 0.841530 0.051426 0.846408 0.496366 0.955236 0.596843 0.154672 0.334244 0.623333 0.770912 0.474237 0.106598 0.344384 0.075138 0.351540 0.728189 0.412794 0.495491 0.704926 0.688402 0.598286 0.434827 0.459682 0.246402 0.075933 0.819102 0.077765
0.799416 0.002339 0.694696 0.967699 0.272145 0.005254 0.590231 0.103094 0.360974 0.314597 0.091582 0.807430 0.917314 0.962099 0.136819 0.790014 0.950237 0.690560 0.446006 0.521301 0.185133 0.086705 0.541901 0.958171 0.872946 0.758392 0.732225 0.638949 0.806561 0.759036 0.658783 0.724103 0.692277 0.637232 0.849196 0.980577 0.249668 0.903364 0.489425 0.646665 0.221209 0.693175 0.987668 0.051596
0.944059 0.669917 0.039427 0.044165 0.705575 0.588264 0.925248 0.999354 0.180575 0.555807 0.567945 0.473210 0.915488 0.312855 0.033946 0.120523 0.697420 0.731024 0.297349 0.192599 0.924396 0.115282 0.971058 0.421763 0.944266 0.795342 0.474214 0.745065 0.862043 0.054883 0.844549 0.455144 0.319100 0.522435 0.828915 0.644547 0.037008 0.650167 0.596270 0.364697 0.230009 0.560677 0.120567 0.481062
0.076953 0.884998 0.696289 0.530265 0.339875 0.441032 0.724767 0.404485 0.065356 0.572428 0.315290 0.803977 0.539491 0.538401 0.790723 0.661655 0.318753 0.737856 0.625891 0.520168 0.885978 0.426817 0.615863 0.876665 0.232959 0.417506 0.024401 0.461943 0.870099 0.990341 0.021269 0.000238 0.874702 0.185473 0.528937 0.383964 0.939068 0.932590 0.798783 0.070030 0.997934 0.009485 0.350712 0.052684
0.767188 0.088543 0.401931 0.037597 0.479876 0.479781 0.627505 0.580757 0.873677 0.271687 0.984083 0.398287 0.768273 0.091699 0.417767 0.336370 0.421357 0.522519 0.737582 0.732272 0.238777 0.003346 0.110474 0.467311 0.354622 0.297003 0.287239 0.852822 0.296308 0.715553 0.233608 0.589109 0.042093 0.277266 0.017874 0.910339 0.987722 0.045101 0.427773 0.109468 0.384327 0.391630 0.679647 0.124438
0.218254 0.956416 0.949961 0.797989 0.786345 0.258983 0.089411 0.588554 0.417581 0.982331 0.879118 0.884199 0.944732 0.600798 0.467402 0.903724 0.613411 0.989185 0.167034 0.743353 0.991169 0.064986 0.231672 0.401580 0.942732 0.837826 0.649647 0.230569 0.607737 0.830643 0.512689 0.120339 0.230670 0.046945 0.176528 0.384091 0.220486 0.036732 0.186438 0.957270 0.779584 0.826206 0.350125 0.800770
0.057843 0.629778 0.969103 0.216324 0.883786 0.518260 0.927752 0.597274 0.994908 0.525032 0.173895 0.260233 0.396242 0.515248 0.758238 0.491186 0.696021 0.996336 0.153896 0.897436 0.815833 0.463381 0.224441 0.622937 0.223818 0.747872 0.536974 0.034865 0.592940 0.894921 0.580086 0.860127 0.091487 0.457432 0.877461 0.391170 0.265600 0.272959 0.129515 0.476677 0.888748 0.044377 0.955651 0.852194
0.862128 0.035422 0.809516 0.329051 0.655242 0.931589 0.550857 0.735213 0.086987 0.281391 0.408453 0.252649 0.372689 0.005082 0.259754 0.695714 0.723420 0.048784 0.495876 0.532603 0.081046 0.962122 0.220183 0.109469 0.683259 0.894480 0.076131 0.991475 0.851207 0.061517 0.495147 0.882906 0.480587 0.516079 0.592408 0.906514 0.824681 0.571319 0.347809 0.662112 0.678016 0.543779 0.565732 0.864493
0.267028 0.733910 0.878630 0.521260 0.797426 0.868161 0.658452 0.245286 0.850582 0.157341 0.867294 0.160400 0.708363 0.334009 0.837013 0.238690 0.697471 0.930090 0.680141 0.105834 0.618611 0.698991 0.752717 0.189222 0.158605 0.881637 0.880871 0.961315 0.871844 0.465470 0.029247 0.879071 0.825817 0.005145 0.128870 0.819947 0.335119 0.228625 0.743508 0.908701 0.160760 0.001120 0.817967 0.556182
0.832134 0.756636 0.507468 0.258688 0.006386 0.193133 0.287038 0.084098 0.616927 0.326434 0.981186 0.559844 0.631814 0.115844 0.259804 0.376695 0.634006 0.009072 0.539985 0.818679 0.779845 0.128449 0.106981 0.283343 0.761028 0.018428 0.541267 0.432241 0.962992 0.840122 0.341872 0.392151 0.632622 0.179497 0.932028 0.753699 0.102510 0.788807 0.937228 0.173753 0.687886 0.770854 0.067837 0.947298
0.300964 0.166378 0.708172 0.770984 0.067351 0.708572 0.582170 0.473574 0.345883 0.057920 0.620916 0.074694 0.045742 0.852415 0.871537 0.990148 0.973489 0.676052 0.968878 0.445958 0.749652 0.647574 0.130086 0.594396 0.758263 0.383612 0.024587 0.065626 0.022124 0.821513 0.323610 0.371834 0.488643 0.818786 0.770407 0.252509 0.683295 0.001029 0.445903 0.158938 0.273627 0.468539 0.997124 0.944304
0.426181 0.102194 0.451387 0.854210 0.163624 0.527024 0.794810 0.825921 0.693682 0.298374 0.220770 0.839947 0.082381 0.772823 0.680499 0.230054 0.654511 0.131335 0.273260 0.868054 0.950864 0.963237 0.151058 0.031302 0.432335 0.731270 0.943616 0.909525 0.419727 0.857360 0.638526 0.964520 0.397594 0.760094 0.274215 0.442299 0.983978 0.311952 0.409334 0.320743 0.894099 0.724423 0.229955 0.745837
0.213105 0.200359 0.031134 0.868123 0.651667 0.714924 0.368526 0.562750 0.864358 0.471532 0.473210 0.543233 0.968193 0.159246 0.185526 0.203701 0.868623 0.091164 0.776597 0.153658 0.770922 0.453694 0.844783 0.530354 0.761024 0.017862 0.626220 0.796798 0.131245 0.294168 0.032526 0.911836 0.920848 0.967511 0.616650 0.185459 0.796537 0.462097 0.481522 0.001232 0.117308 0.598327 0.125186 0.607306
0.685565 0.247540 0.430306 0.558413 0.200525 0.225540 0.491595 0.160825 0.064209 0.651519 0.581971 0.325925 0.268993 0.590264 0.797559 0.433247 0.310362 0.984351 0.455220 0.149581 0.011621 0.464599 0.072447 0.680457 0.392494 0.395545 0.479939 0.974700 0.600021 0.721888 0.291663 0.656984 0.694982 0.757059 0.860122 0.952649 0.779851 0.907819 0.039619 0.724285 0.480507 0.749162 0.104930 0.145922
0.242045 0.102792 0.986663 0.570905 0.142496 0.018368 0.498888 0.482356 0.618156 0.210350 0.702465 0.346017 0.559649 0.775805 0.009771 0.941238 0.326461 0.072416 0.517712 0.534242 0.087866 0.882533 0.350627 0.082509 0.033203 0.824514 0.078578 0.357801 0.396923 0.322095 0.132716 0.977466 0.567541 0.200859 0.689465 0.693194 0.800587 0.821441 0.200150 0.041183 0.167483 0.670385 0.104568 0.951550
0.636430 0.124220 0.706476 0.896221 0.031586 0.594777 0.936212 0.616605 0.051971 0.612944 0.541296 0.298836 0.709061 0.935202 0.870969 0.947350 0.714087 0.625305 0.801728 0.783423 0.339450 0.612258 0.814825 0.484398 0.080115 0.660820 0.894817 0.553001 0.547592 0.597476 0.817298 0.783833 0.452318 0.480904 0.643578 0.040754 0.526403 0.163999 0.731590 0.438607 0.081630 0.724827 0.060352 0.593279
0.247103 0.650294 0.159545 0.479279 0.871784 0.615742 0.219214 0.329017 0.975865 0.470183 0.336896 0.744279 0.182118 0.871833 0.789699 0.433655 0.658708 0.043662 0.498196 0.161673 0.555364 0.020861 0.719202 0.653263 0.228455 0.332315 0.996334 0.542479 0.974793 0.493277 0.650326 0.081526 0.199542 0.403261 0.680228 0.220561 0.072198 0.418400 0.030653 0.203578 0.257683 0.840452 0.462623 0.174193
0.868273 0.960781 0.727169 0.415907 0.742707 0.846245 0.425493 0.628765 0.345935 0.735350 0.371039 0.767724 0.987650 0.504845 0.040109 0.543301 0.867031 0.513996 0.578675 0.588058 0.438615 0.029394 0.725258 0.395515 0.486669 0.606189 0.873423 0.597724 0.900702 0.792956 0.421721 0.655009 0.276828 0.992133 0.592350 0.283855 0.912363 0.359151 0.210662 0.383847 0.622967 0.465813 0.631560 0.835998
0.733113 0.235792 0.131568 0.776000 0.715825 0.405310 0.909033 0.601855 0.179683 0.632541 0.237543 0.372849 0.971395 0.512615 0.180977 0.413031 0.854385 0.069133 0.492278 0.437165 0.247231 0.097393 0.870750 0.405021 0.445305 0.592918 0.514817 0.579415 0.359233 0.662621 0.592951 0.095262 0.163524 0.652123 0.391082 0.312148 0.969412 0.399046 0.258133 0.857986 0.656737 0.009030 0.325190 0.588413
0.773473 0.598714 0.130874 0.396660 0.969821 0.237028 0.453790 0.234674 0.236050 0.883710 0.073497 0.442024 0.169758 0.330889 0.519774 0.448778 0.337003 0.669390 0.828883 0.145757 0.430888 0.449434 0.248714 0.587884 0.617145 0.948583 0.706777 0.252528 0.167042 0.359251 0.167619 0.379359 0.036671 0.605538 0.736402 0.356732 0.663805 0.533512 0.474631 0.781790 0.844170 0.705386 0.805670 0.446369
0.585354 0.864216 0.868271 0.558140 0.205841 0.539906 0.111920 0.034188 0.269750 0.986693 0.057087 0.122971 0.531170 0.231131 0.936606 0.051697 0.039344 0.640003 0.122110 0.224701 0.452199 0.180010 0.933875 0.088556 0.316156 0.103309 0.507235 0.584671 0.041573 0.688208 0.148343 0.397379 0.986630 0.479897 0.965119 0.685968 0.004940 0.017380 0.951812 0.323131 0.639120 0.973098 0.867918 0.580112
0.454740 0.254225 0.515596 0.521730 0.488847 0.342653 0.666864 0.532245 0.139651 0.125742 0.029974 0.132715 0.307930 0.143542 0.704681 0.939820 0.201853 0.732899 0.673432 0.162382 0.969912 0.188349 0.093901 0.730829 0.672602 0.156164 0.443750 0.234561 0.868142 0.963347 0.177150 0.255307 0.692626 0.661632 0.838115 0.978631 0.944614 0.374297 0.683248 0.017516 0.497175 0.244147 0.617847 0.830877
0.868905 0.864609 0.570610 0.768519 0.030387 0.113110 0.930949 0.795510 0.689527 0.918678 0.676513 0.600610 0.215675 0.940875 0.658885 0.826839 0.393864 0.666972 0.651233 0.577185 0.106593 0.348574 0.657845 0.159287 0.999414 0.604954 0.048212 0.318112 0.977174 0.866439 0.406908 0.993337 0.870753 0.752428 0.782385 0.090482 0.567016 0.288686 0.738449 0.109110 0.878516 0.650512 0.404140 0.765191
0.327033 0.925675 0.667593 0.438172 0.807846 0.901376 0.762285 0.877891 0.797814 0.317196 0.435583 0.868901 0.817834 0.375672 0.120209 0.296869 0.544489 0.649075 0.005759 0.328381 0.324586 0.630209 0.366462 0.609832 0.396173 0.563439 0.695467 0.380420 0.388558 0.548500 0.448694 0.596485 0.237544 0.545687 0.373252 0.444419 0.227270 0.014667 0.073196 0.587062 0.603449 0.168444 0.668213 0.642576
0.619490 0.759344 0.463494 0.500445 0.379786 0.542364 0.863334 0.951479 0.519082 0.847167 0.479182 0.914237 0.025642 0.813766 0.341248 0.108918 0.380196 0.148992 0.398823 0.526624 0.580172 0.246070 0.533603 0.476695 0.607905 0.394365 0.764883 0.549414 0.812986 0.746876 0.718123 0.715491 0.955524 0.521234 0.018233 0.822393 0.195778 0.430862 0.007563 0.896714 0.647475 0.071280 0.898031 0.954660
0.243482 0.654693 0.927035 0.380075 0.060267 0.197154 0.934436 0.479183 0.351623 0.194558 0.101421 0.166332 0.485872 0.617352 0.256777 0.523085 0.284873 0.670096 0.307290 0.929606 0.803026 0.532260 0.539161 0.580932 0.311308 0.089626 0.610334 0.717636 0.716151 0.399905 0.272624 0.976725 0.413549 0.823174 0.121886 0.522481 0.181149 0.123223 0.681118 0.859416 0.181438 0.799781 0.525163 0.184585
0.709046 0.295278 0.106877 0.793407 0.567312 0.185228 0.256563 0.917752 0.962927 0.424527 0.483546 0.087039 0.805993 0.815749 0.550227 0.373510 0.043413 0.526499 0.633151 0.112304 0.951403 0.002584 0.601612 0.637985 0.819189 0.515175 0.884206 0.593539 0.228080 0.793744 0.212045 0.646606 0.610981 0.174773 0.411028 0.360773 0.839861 0.905891 0.900023 0.769945 0.353421 0.556637 0.236871 0.255645
0.780526 0.302061 0.274806 0.731958 0.822614 0.851174 0.423738 0.671425 0.667550 0.809530 0.095535 0.766656 0.623859 0.149704 0.451768 0.423945 0.586608 0.152984 0.168014 0.235236 0.736874 0.869260 0.862797 0.472892 0.216740 0.535358 0.095715 0.178446 0.023639 0.312272 0.641972 0.230246 0.607094 0.206186 0.546697 0.637961 0.231947 0.256884 0.390906 0.632015 0.594476 0.058455 0.496767 0.141774
0.987786 0.274540 0.136440 0.597047 0.695145 0.675841 0.404319 0.442717 0.428200 0.445791 0.717598 0.724517 0.692436 0.015821 0.991256 0.341090 0.128394 0.818707 0.104110 0.603219 0.724339 0.337227 0.578387 0.905525 0.274161 0.772623 0.079419 0.264895 0.085658 0.645290 0.894191 0.595751 0.191867 0.401188 0.323372 0.366956 0.226656 0.343560 0.354996 0.617156 0.069424 0.442410 0.519060 0.831863
0.067613 0.669603 0.800357 0.069932 0.233712 0.640168 0.540012 0.271147 0.880079 0.592812 0.650877 0.680132 0.532958 0.230829 0.324334 0.456859 0.333002 0.190325 0.669487 0.052339 0.994139 0.378476 0.661839 0.362944 0.557783 0.995480 0.730651 0.446352 0.465206 0.333570 0.060142 0.580475 0.562297 0.088767 0.957625 0.961666 0.175303 0.634960 0.690005 0.754838 0.200934 0.170478 0.535828 0.409478
0.096676 0.422689 0.450371 0.821806 0.756163 0.001237 0.347572 0.300853 0.664912 0.981236 0.795450 0.474887 0.927178 0.382526 0.234642 0.119829 0.399316 0.974165 0.152416 0.020026 0.992483 0.737180 0.927001 0.768600 0.539957 0.243657 0.842033 0.671558 0.520958 0.092929 0.623586 0.257047 0.089124 0.787902 0.755270 0.864686 0.127713 0.608486 0.826068 0.506838 0.782028 0.159304 0.708745 0.063109
0.036160 0.117649 0.303128 0.227357 0.263113 0.341675 0.360136 0.380910 0.087643 0.346322 0.936958 0.239055 0.553802 0.509724 0.305524 0.825286 0.396982 0.279704 0.447203 0.942387 0.600594 0.873337 0.515679 0.161764 0.919392 0.786276 0.496963 0.574587 0.992158 0.566575 0.851425 0.391043 0.208511 0.501153 0.930595 0.397179 0.116366 0.539733 0.817450 0.627950 0.380623 0.674304 0.877974 0.532481
0.868057 0.721422 0.805925 0.141278 0.790030 0.211982 0.304679 0.818735 0.080919 0.322528 0.402980 0.022894 0.173525 0.153791 0.694951 0.223614 0.346100 0.957323 0.975610 0.573041 0.640972 0.932731 0.822481 0.575163 0.132525 0.479354 0.862014 0.313728 0.922757 0.606371 0.487062 0.139198 0.606253 0.898262 0.764810 0.829332 0.174839 0.317531 0.502566 0.952798 0.398663 0.825201 0.146374 0.666307
0.367534 0.121762 0.068172 0.478234 0.025812 0.506108 0.135166 0.232551 0.963115 0.079965 0.549530 0.776724 0.965822 0.122035 0.432498 0.594291 0.311816 0.936449 0.506142 0.876105 0.439512 0.277753 0.105665 0.851449 0.640826 0.000333 0.216038 0.017688 0.619588 0.602553 0.650201 0.364798 0.152025 0.386461 0.061350 0.564441 0.780762 0.191782 0.459800 0.211755 0.058164 0.484602 0.994866 0.754254
0.057781 0.619498 0.695035 0.297355 0.983679 0.430337 0.239180 0.170665 0.142249 0.074630 0.121385 0.782696 0.303275 0.265387 0.101046 0.177766 0.692161 0.691618 0.062292 0.618052 0.509422 0.633190 0.996697 0.228895 0.813970 0.232646 0.615219 0.220803 0.306254 0.173753 0.623896 0.655724 0.527041 0.848016 0.426083 0.724317 0.130710 0.792094 0.886604 0.404798 0.449785 0.654076 0.194623 0.354236
0.367759 0.525505 0.414130 0.481635 0.827538 0.176887 0.733614 0.387079 0.769305 0.963822 0.011031 0.248580 0.416154 0.133804 0.481344 0.418581 0.019192 0.790338 0.259813 0.582148 0.760290 0.680975 0.137110 0.189695 0.535310 0.618948 0.215202 0.323500 0.012121 0.834303 0.241201 0.629299 0.975874 0.198856 0.801537 0.064617 0.959577 0.042633 0.487854 0.371409 0.109736 0.265851 0.547959 0.646090
0.454377 0.499334 0.844357 0.266019 0.098083 0.149238 0.488241 0.127200 0.150049 0.864660 0.324676 0.243478 0.737357 0.651711 0.476018 0.810686 0.375888 0.614081 0.394476 0.859565 0.459447 0.392394 0.785017 0.956222 0.892085 0.133145 0.955335 0.102150 0.786903 0.658692 0.315407 0.942831 0.688135 0.808883 0.437603 0.076417 0.254671 0.279368 0.840872 0.930319 0.038426 0.253058 0.901762 0.781170
0.461477 0.825132 0.637201 0.495452 0.659354 0.386349 0.895118 0.450124 0.636670 0.226965 0.613934 0.889391 0.066652 0.450620 0.518408 0.882459 0.150169 0.105693 0.737434 0.988275 0.512222 0.443273 0.680228 0.047831 0.041673 0.038022 0.084792 0.746207 0.716323 0.659036 0.072084 0.802131 0.071257 0.105368 0.012108 0.035571 0.956501 0.508579 0.737508 0.387595 0.353251 0.461947 0.296536 0.991588
0.349703 0.970750 0.774654 0.942315 0.661371 0.783843 0.185196 0.354841 0.174109 0.412131 0.098396 0.549616 0.660303 0.830534 0.764373 0.068713 0.265046 0.424297 0.020945 0.082618 0.082172 0.514658 0.967860 0.898901 0.295445 0.782485 0.769223 0.227842 0.624664 0.975991 0.381940 0.667350 0.205687 0.010428 0.121386 0.255413 0.615013 0.260713 0.774634 0.069254 0.643904 0.959827 0.530302 0.478255
0.041951 0.895815 0.968489 0.322215 0.798714 0.125234 0.292822 0.474336 0.979970 0.113957 0.601882 0.486016 0.582423 0.920297 0.748073 0.520768 0.811770 0.616500 0.656479 0.156638 0.128096 0.043736 0.338268 0.110808 0.928084 0.598532 0.224616 0.095012 0.372167 0.375993 0.432077 0.550092 0.439405 0.388653 0.612940 0.163684 0.943076 0.273791 0.240693 0.928318 0.121501 0.675982 0.197470 0.496048
0.886925 0.012715 0.645811 0.992415 0.285907 0.671455 0.815947 0.316922 0.861370 0.879269 0.846514 0.258432 0.918927 0.544017 0.252241 0.636071 0.755042 0.221063 0.460539 0.978397 0.841999 0.748192 0.728491 0.557813 0.776447 0.180595 0.656162 0.053858 0.177429 0.320060 0.545027 0.753187 0.984670 0.269331 0.937388 0.539556 0.043174 0.727947 0.164815 0.107944 0.131729 0.685298 0.725980 0.091871
0.817785 0.965130 0.213511 0.488394 0.505853 0.150676 0.840703 0.342384 0.732802 0.413416 0.542237 0.758185 0.590348 0.743424 0.508361 0.611941 0.297548 0.105931 0.565022 0.151569 0.688885 0.093757 0.873323 0.577173 0.636291 0.877138 0.761122 0.433801 0.160072 0.160848 0.461557 0.558042 0.009332 0.811752 0.246679 0.741712 0.726462 0.881451 0.991810 0.277902 0.099178 0.193954 0.401494 0.879816
0.800071 0.657560 0.204036 0.310929 0.555085 0.742348 0.733071 0.815118 0.615985 0.614978 0.188025 0.687884 0.355385 0.375260 0.783792 0.538696 0.554227 0.524159 0.005230 0.848048 0.760991 0.839964 0.035311 0.832680 0.745734 0.011032 0.202481 0.749545 0.958073 0.758676 0.367941 0.678379 0.326932 0.756265 0.148888 0.841970 0.305604 0.470319 0.876651 0.502050 0.996334 0.124714 0.368310 0.385376
0.448611 0.643365 0.722071 0.780400 0.886196 0.217209 0.593044 0.137823 0.391526 0.663042 0.412622 0.001880 0.695618 0.178373 0.003218 0.029071 0.619589 0.166885 0.355493 0.181319 0.794197 0.387674 0.092991 0.402327 0.588202 0.874262 0.480973 0.510110 0.642326 0.723405 0.064854 0.104137 0.579984 0.225439 0.561485 0.702943 0.560660 0.052804 0.603488 0.486598 0.676468 0.599369 0.804989 0.602146
0.269821 0.022933 0.825049 0.322108 0.498256 0.636491 0.077058 0.149000 0.058551 0.695416 0.334238 0.745925 0.784897 0.981969 0.707681 0.209842 0.788615 0.825131 0.517269 0.520297 0.440199 0.373463 0.147453 0.122377 0.328193 0.735506 0.434019 0.235858 0.088600 0.371422 0.220612 0.062542 0.598225 0.801367 0.735663 0.766589 0.998348 0.733616 0.933113 0.299444 0.642565 0.173480 0.421248 0.637553
0.636177 0.496166 0.785652 0.178252 0.118336 0.685911 0.409905 0.991126 0.839802 0.747220 0.383833 0.739986 0.571872 0.950313 0.587769 0.202936 0.184476 0.565550 0.362235 0.979647 0.334511 0.165294 0.026197 0.700252 0.024192 0.585810 0.831697 0.586479 0.273071 0.697671 0.518079 0.929617 0.298726 0.782582 0.940679 0.056136 0.259297 0.852728 0.429657 0.225541 0.872730 0.376914 0.841934 0.461733
0.186101 0.480906 0.802643 0.435180 0.458187 0.937353 0.482969 0.706019 0.133480 0.631171 0.080602 0.049842 0.727939 0.903913 0.496461 0.909390 0.436851 0.780213 0.729508 0.007029 0.765513 0.057280 0.158908 0.225224 0.610225 0.131349 0.135354 0.398836 0.751375 0.922623 0.656955 0.472060 0.956615 0.013403 0.068958 0.282746 0.057055 0.044595 0.282187 0.036288 0.261706 0.275720 0.246979 0.275612
0.906255 0.787127 0.249546 0.974835 0.271950 0.371207 0.759398 0.428887 0.449740 0.844789 0.776711 0.268139 0.065366 0.156382 0.487571 0.853090 0.033614 0.046501 0.062653 0.619699 0.906437 0.561993 0.139245 0.345920 0.532421 0.315190 0.411096 0.771858 0.347343 0.086425 0.899833 0.236784 0.021823 0.732449 0.663790 0.548321 0.963394 0.127988 0.560168 0.882136 0.936822 0.393448 0.052258 0.827868
0.418793 0.787713 0.260158 0.624425 0.730821 0.494481 0.981297 0.979551 0.256530 0.144965 0.654175 0.725156 0.198098 0.191191 0.565330 0.338263 0.463932 0.308699 0.972005 0.947036 0.608527 0.967356 0.349506 0.183015 0.114096 0.022035 0.151247 0.720008 0.225317 0.417990 0.250967 0.088840 0.850616 0.683754 0.561223 0.545106 0.523391 0.980517 0.114769 0.227409 0.860140 0.403978 0.722814 0.542546
0.067668 0.791700 0.707835 0.548839 0.543538 0.612900 0.081725 0.226147 0.458301 0.846919 0.484696 0.428631 0.165775 0.140960 0.945698 0.664188 0.849975 0.216090 0.669022 0.097563 0.462296 0.861987 0.411766 0.460162 0.650973 0.749284 0.545432 0.290588 0.062273 0.786970 0.512503 0.111936 0.806404 0.355973 0.459240 0.978062 0.051957 0.793990 0.786278 0.497256 0.201364 0.339777 0.258621 0.872136
0.164706 0.544848 0.330215 0.758425 0.756752 0.754108 0.519386 0.017946 0.204881 0.126254 0.877830 0.659629 0.879582 0.161620 0.870578 0.255493 0.238796 0.946638 0.451239 0.560182 0.984990 0.750730 0.772012 0.557981 0.027167 0.552514 0.065205 0.094152 0.463931 0.343663 0.909220 0.282431 0.538702 0.390728 0.497813 0.798344 0.105474 0.371933 0.656780 0.451697 0.822103 0.397381 0.380420 0.093408
0.775612 0.441072 0.964477 0.195609 0.203766 0.186723 0.523330 0.094036 0.287138 0.356671 0.792854 0.757482 0.577593 0.276442 0.634582 0.312349 0.797914 0.642675 0.395970 0.195841 0.915090 0.896958 0.533029 0.520191 0.157955 0.447603 0.695899 0.557820 0.793261 0.166034 0.316762 0.613473 0.857179 0.363101 0.906143 0.897186 0.276904 0.168854 0.983521 0.507051 0.140712 0.598113 0.202016 0.033384
0.184225 0.363693 0.893990 0.732635 0.654293 0.820378 0.152104 0.313162 0.440323 0.798593 0.615298 0.967756 0.083464 0.856874 0.882416 0.117644 0.803604 0.739730 0.505207 0.319667 0.967127 0.988416 0.417761 0.485359 0.984110 0.122434 0.667920 0.725186 0.634671 0.323011 0.165955 0.997078 0.881928 0.979782 0.427490 0.656134 0.162233 0.129826 0.012608 0.686861 0.559756 0.093030 0.527400 0.029364
0.719354 0.822958 0.890258 0.209753 0.079407 0.379027 0.731496 0.973457 0.187412 0.336841 0.858177 0.296490 0.819064 0.918208 0.540794 0.110748 0.710243 0.759582 0.314350 0.988066 0.471168 0.901296 0.821637 0.651668 0.459265 0.314061 0.357798 0.254322 0.494212 0.819255 0.828249 0.879822 0.335208 0.525435 0.173762 0.244340 0.712014 0.112943 0.825978 0.087179 0.100637 0.719077 0.239874 0.420119
0.141972 0.905360 0.347941 0.739671 0.450351 0.191260 0.748826 0.613777 0.651148 0.435505 0.620929 0.577250 0.352375 0.738069 0.841448 0.806196 0.471287 0.843737 0.979105 0.253975 0.634142 0.031116 0.126265 0.739295 0.676178 0.106344 0.325104 0.314920 0.686327 0.003817 0.069641 0.681669 0.174881 0.167132 0.855737 0.655282 0.227180 0.991743 0.837041 0.072671 0.279276 0.077078 0.642882 0.340380
0.694151 0.866387 0.512655 0.215530 0.305311 0.360378 0.212644 0.068505 0.033189 0.763155 0.303946 0.408306 0.653163 0.759249 0.938305 0.903608 0.871204 0.232763 0.766065 0.807396 0.788447 0.059094 0.664985 0.898847 0.260287 0.650769 0.907195 0.874227 0.670732 0.000188 0.560441 0.169081 0.110989 0.389759 0.447056 0.379503 0.460358 0.226730 0.864564 0.381612 0.546648 0.128849 0.380401 0.412761
0.454377 0.499334 0.042025 0.266019 0.098083 0.149238 0.488241 0.127200 0.150049 0.864660 0.324676 0.243478 0.737357 0.651711 0.476018 0.810686 0.375888 0.614081 0.394476 0.859565 0.981799 0.392394 0.785017 0.956222 0.892085 0.133145 0.955335 0.102150 0.786903 0.658692 0.315407 0.942831 0.688135 0.808883 0.437603 0.076417 0.254671 0.279368 0.840872 0.930319 0.038426 0.253058 0.901762 0.567171
0.269243 0.737405 1.000000 0.182284 0.020071 0.563965 0.322079 0.840710 0.211448 0.089204 0.327497 0.535336 0.224105 0.233216 0.890527 0.342927 0.593592 0.473970 0.000000 0.355104 0.789171 0.648823 0.498442 0.479582 0.086920 0.584199 0.537107 0.736822 0.905797 0.557742 0.745439 0.586535 0.431660 0.564459 0.127580 0.378773 0.531061 0.337447 0.363082 0.386128 0.645917 0.607555 0.570778 0.081920
0.057843 0.629778 0.969103 0.216324 0.883786 0.361853 0.927752 0.597274 0.994908 0.525032 0.173895 0.260233 0.396242 0.515248 0.758238 0.491186 0.696021 0.996336 0.153896 0.897436 0.815833 0.463381 0.224441 0.622937 0.223818 0.747872 0.536974 0.034865 0.592940 0.894921 0.580086 0.854136 0.049497 0.457432 0.877461 0.391170 0.265600 0.272959 0.129515 0.476677 0.888748 0.044377 0.955651 0.852194
0.786134 0.942489 0.658169 0.503595 0.809605 0.817209 0.768935 0.623002 0.600305 0.405623 0.395492 0.898639 0.414662 0.445916 0.195161 0.687127 0.311573 0.093528 0.590971 0.832980 0.270886 0.320704 0.753006 0.057314 0.064933 0.398088 0.328420 0.547720 0.690394 0.589497 0.219377 0.746824 0.083121 0.261629 0.196931 0.051242 1.000000 0.479884 0.583986 0.232908 0.415922 0.377766 0.508747 0.981931
0.535536 0.827399 0.690356 0.389599 0.892613 0.825976 0.897093 0.662508 0.698840 0.231296 0.111740 0.723517 0.089896 0.454130 0.455963 0.603479 0.239760 0.216568 0.413907 0.876451 0.316409 0.552068 0.660045 0.213506 0.000000 0.535815 0.223540 0.347205 0.572540 0.553521 0.367495 0.839113 0.000000 0.218654 0.402856 0.088770 0.892455 0.484778 0.378510 0.317137 0.589374 0.074010 0.823701 0.836617
0.773473 0.605693 0.130874 0.396660 0.968055 0.635791 0.453790 0.292579 0.236050 0.885938 0.073497 0.456439 0.176493 0.330889 0.524111 0.448778 0.337003 0.658906 0.828883 0.145732 0.829227 0.449434 0.910203 0.587884 0.617145 0.949459 0.706777 0.251848 0.167042 0.657200 0.167619 0.007357 0.814246 0.605538 0.745182 0.358334 0.023340 0.533512 0.474631 0.781790 0.401156 0.705386 0.805670 0.447999
0.289751 0.687806 0.161221 0.880468 0.931463 0.207578 0.808120 0.237729 0.633404 0.103265 0.871461 0.442120 0.796937 0.218440 0.182233 0.416510 0.892559 0.893765 0.539342 0.324369 0.409101 0.122088 0.220515 0.356298 0.318003 0.905952 0.110052 0.272812 0.227935 0.349741 0.427108 0.372522 0.040440 0.352569 0.851950 0.303180 0.647417 0.164656 0.510747 0.534089 0.860425 0.484830 0.222108 0.690806
0.886746 0.297462 0.505923 0.221489 0.587394 0.588905 0.383771 0.355562 0.051492 0.747882 0.345787 0.220069 0.806181 0.784652 0.007644 0.585251 0.344996 0.100500 0.388274 0.447126 0.529525 0.876528 0.931277 0.936406 0.341983 0.487379 0.373355 0.482700 0.716194 0.886353 0.443413 0.583856 0.197142 0.066230 0.477607 0.924431 0.164028 0.260788 0.202745 0.605646 0.503158 0.167073 0.432054 0.046756
0.747647 0.912923 0.498714 0.180275 0.285116 0.319048 0.171760 0.005566 0.017941 0.789165 0.307701 0.421381 0.647434 0.775646 1.000000 0.916222 0.938978 0.189819 0.790937 0.863753 0.796849 0.011303 0.695623 0.941900 0.229517 0.685369 0.990371 0.919966 0.666613 0.000000 0.565944 0.136285 0.045205 0.404521 0.454118 0.380269 0.477748 0.211286 0.917838 0.388263 0.559010 0.104517 0.381604 0.434688
0.186864 0.878162 0.945886 0.312574 0.832193 0.030811 0.419869 0.482089 0.902351 0.167446 0.611679 0.580305 0.567394 0.937957 0.869995 0.531320 0.750301 0.675029 0.647345 0.158398 0.094748 0.008416 0.409666 0.149897 0.921882 0.650264 0.307636 0.046033 0.399861 0.354082 0.380093 0.532716 0.277472 0.339783 0.641993 0.238908 0.960720 0.264219 0.280321 1.000000 0.139504 0.494146 0.168502 0.481118
0.836170 1.000000 0.652372 0.487937 0.853090 0.845193 0.791539 0.657256 0.589957 0.396290 0.376561 0.944999 0.419245 0.435276 0.155742 0.701112 0.257185 0.045973 0.586004 0.872415 0.227451 0.306577 0.803125 0.000000 0.014122 0.383453 0.332091 0.551776 0.731312 0.568822 0.182970 0.782197 0.032050 0.248101 0.146110 0.017445 1.000000 0.494380 0.578032 0.197227 0.416660 0.355656 0.508382 1.000000
0.654017 0.431844 0.205408 0.519000 0.291587 0.238525 0.902819 0.881425 0.331318 0.650333 0.505891 0.351357 0.707347 0.676384 0.863327 0.623243 1.000000 0.789263 0.969655 0.273306 1.000000 0.348395 0.575209 0.413423 0.933435 0.850166 0.363103 0.960267 0.471396 0.285112 0.358160 0.000000 0.399066 0.398082 0.563590 0.154801 0.302772 0.223091 0.376216 0.522179 0.279115 0.000000 0.660769 0.690406
1.000000 0.476993 0.000000 1.000000 0.736663 0.904610 0.782244 1.000000 0.000000 0.618854 1.000000 0.374627 1.000000 0.886010 0.179473 0.448949 1.000000 0.310717 0.394485 0.099145 0.680143 0.279020 0.985871 0.000000 1.000000 0.477090 0.571427 0.229392 0.129906 0.592845 0.000000 0.000000 1.000000 0.727587 1.000000 0.545162 0.893675 0.257855 0.280596 0.600293 0.283951 0.000000 0.197829 0.838019
0.520164 0.307777 0.852181 0.816386 0.551907 0.967974 0.560938 0.088408 0.876654 0.791818 0.403483 0.589956 0.134015 0.480046 0.028543 0.420536 0.755137 0.784668 0.620310 0.588506 0.704080 0.805045 0.212964 0.903151 0.136371 0.617264 0.170168 0.980463 0.350588 0.608088 0.000000 0.636644 0.392244 0.299762 0.488079 0.091002 0.904159 0.726397 0.348255 0.547446 0.513989 0.450910 0.783653 0.319758
0.332147 0.081602 0.070570 0.339568 0.563268 0.250005 0.253076 0.106764 0.535391 0.370355 0.783192 0.492518 0.596376 0.000000 0.838433 0.313046 0.664890 0.656963 0.337782 0.698298 0.396056 0.531112 0.050032 0.469985 0.327506 0.480497 0.071829 0.136855 0.643791 0.960483 0.630703 0.407789 0.144571 0.234374 0.087320 0.647028 0.976783 0.505089 0.296106 0.364840 0.127310 0.538431 0.863432 0.626736
0.749000 0.815452 0.792192 0.315615 0.994182 0.471898 0.559562 0.507730 0.270559 0.172091 0.746430 0.733965 0.115874 0.483399 0.727934 1.000000 0.000000 0.674611 1.000000 0.728873 0.321093 0.474910 1.000000 0.000000 0.395301 0.602552 0.735990 1.000000 0.290879 0.263234 0.295023 0.830370 0.907526 0.124047 0.417907 0.000000 0.577722 0.315601 0.731224 0.231510 0.619406 1.000000 0.563653 0.934311
0.214266 0.141943 1.000000 0.686508 0.334953 0.891469 0.335306 0.588571 0.770467 0.807795 0.619021 0.589860 0.729853 0.628870 0.486748 0.301149 0.194932 0.403922 0.249555 0.550061 0.855939 0.710980 0.000000 0.669174 0.456495 0.161314 0.737975 0.665322 0.600574 0.545160 0.459638 0.362432 0.067016 0.194204 0.000000 0.459113 0.493192 0.760634 0.323310 0.702787 0.479521 0.804439 0.964891 0.668048
0.000000 0.000000 1.000000 0.332732 0.167412 1.000000 0.235071 0.804158 1.000000 0.742521 0.281892 0.708786 0.003303 0.999153 0.929138 0.902285 0.476068 1.000000 0.150199 1.000000 0.904818 0.841559 0.066070 1.000000 0.271902 0.000000 0.268495 0.489268 0.814037 0.796807 1.000000 0.942300 0.000000 0.287376 0.415182 0.011960 0.554669 0.651158 0.000000 0.608752 0.619011 0.123825 1.000000 0.553488
1.000000 0.476993 0.000000 1.000000 0.736663 0.904610 0.771778 1.000000 0.000000 0.618854 1.000000 0.374627 0.107964 0.713644 0.179473 0.448949 1.000000 0.310717 0.394485 0.099145 0.680143 0.279020 0.985871 0.000000 1.000000 0.477090 0.397740 0.373966 0.129906 0.592845 0.000000 0.000000 1.000000 0.727587 1.000000 0.545162 0.893675 0.257855 0.057611 0.600293 0.283951 0.000000 0.197829 0.838019
0.857376 1.000000 0.402620 0.735204 0.414295 0.481952 0.769834 1.000000 0.689805 0.000000 0.729931 1.000000 0.531763 0.000104 0.000000 0.552521 0.600640 0.629892 0.569949 0.625142 0.061974 0.000000 0.846497 0.485882 0.885891 0.071977 0.245835 0.494371 0.807247 0.486549 0.568825 0.210154 0.604653 0.077518 0.588436 0.000000 0.867753 0.415400 0.658800 0.054131 0.110846 0.000000 0.753996 0.700247
0.811531 0.000000 0.767299 0.770262 0.000000 1.000000 0.531739 0.461918 0.609888 0.000000 0.253138 0.000000 0.000000 0.839639 0.892372 0.419484 0.694552 0.000000 0.876269 0.396284 0.416175 0.907554 0.483813 0.101486 0.281339 0.000000 0.000000 0.153238 0.556588 0.760149 0.767058 0.997735 0.378859 0.998721 0.501853 0.000000 1.000000 0.000000 1.000000 0.000000 0.154727 0.079659 0.932496 0.914708
0.331830 0.000000 0.793338 0.250550 0.252373 1.000000 0.264326 0.743720 0.664737 0.801548 0.234883 0.543352 0.206502 0.984179 0.556505 0.828027 0.456959 0.671571 0.148708 0.899601 0.890204 1.000000 0.378888 1.000000 0.132256 0.127227 0.161296 0.554047 0.837281 0.964522 0.947952 0.857063 0.000000 0.125050 0.440178 0.401319 0.355077 0.529168 0.000000 0.509280 0.677226 0.036203 0.798704 0.241165
0.330381 0.539102 0.938761 0.243801 0.348410 0.525693 0.468895 0.848442 0.812155 0.208814 0.515224 0.497731 0.216562 1.000000 0.957300 0.572475 0.823499 0.899158 0.430381 0.706285 0.411469 0.634089 0.434413 0.497233 0.492700 0.267883 0.000177 0.095130 0.611949 0.701329 0.890802 0.974325 0.118048 0.487997 0.571877 0.023474 0.934065 0.223297 0.283937 0.435832 0.294705 0.175765 0.393175 0.487255
0.505889 0.100795 0.611454 0.256016 0.332693 0.726096 0.872124 0.592963 0.932118 0.102213 0.565133 0.918351 0.696651 0.790085 0.922499 0.709108 0.707239 0.975820 0.152539 0.771247 0.576288 0.374435 0.606715 0.068922 0.424131 0.077321 0.736444 0.104247 0.934367 0.378384 0.925569 0.910686 0.577652 0.122811 0.113238 0.235906 0.984841 0.165521 0.838898 0.186321 0.124663 0.837491 0.920842 0.332146
0.619490 0.759344 0.463494 0.500445 0.379786 0.542364 0.863334 0.951479 0.519082 0.847167 0.479182 0.914237 0.025642 0.813766 0.341248 0.108918 0.380196 0.148992 0.398823 0.526624 0.580172 0.246070 0.533603 0.476695 0.607905 0.394365 0.764883 0.549414 0.812986 0.746876 0.718123 0.715491 0.955524 0.521234 0.018233 0.822393 0.195778 0.430862 0.007563 0.896714 0.647475 0.071280 0.898031 0.954660
0.886925 0.012715 0.645811 0.550131 0.285907 0.671455 0.815947 0.316922 0.861370 0.879269 0.846514 0.771722 0.918927 0.544017 0.252241 0.636071 0.755042 0.248897 0.677563 0.978397 1.000000 0.281240 0.691648 0.557813 0.776447 0.180595 0.656162 0.053858 0.177429 0.320060 0.545027 0.133685 0.324104 0.269331 0.982321 0.539556 0.043174 0.571209 0.164815 0.107944 0.131729 0.685298 0.725980 0.091871
0.000000 1.000000 0.996025 0.487937 0.853090 0.845193 0.791539 0.434020 0.589957 0.396290 0.376561 0.944999 0.337710 0.435276 0.155742 0.701112 0.257185 0.740938 0.586004 0.872415 0.227451 0.306577 0.344536 0.000000 0.014122 0.512493 0.332091 0.551776 0.731312 0.568822 0.209424 0.782197 0.032050 0.248101 0.000000 0.027268 1.000000 0.494380 0.578032 0.197227 0.416660 0.355656 0.508382 1.000000
0.868905 0.864609 0.570610 0.768519 0.030387 0.113110 0.930949 0.899679 0.689527 0.918678 0.676513 0.600610 0.215675 0.940875 0.658885 0.826839 0.393864 0.666972 0.651233 0.577185 0.106593 0.348574 0.657845 0.159287 0.999414 0.604954 0.048212 0.318112 0.977174 0.829195 0.406908 0.993337 0.870753 0.752428 0.782385 0.090482 0.469177 0.288686 0.738449 0.805059 0.878516 0.650512 0.404140 0.765191
0.039672 0.952658 0.973231 0.490819 0.825238 0.839236 0.771339 0.433884 0.579042 0.408600 0.386510 0.917723 0.365533 0.436624 0.169206 0.685007 0.274620 0.734738 0.569205 0.844656 0.259035 0.329677 0.368900 0.064019 0.036789 0.518055 0.339171 0.544355 0.709737 0.574361 0.242909 0.749589 0.047869 0.250318 0.039077 0.075556 0.951283 0.491846 0.562556 0.224843 0.417159 0.351216 0.519572 0.953548
0.027313 0.972572 0.979168 0.489965 0.833662 0.835155 0.782192 0.434377 0.583848 0.399761 0.383569 0.927116 0.350394 0.436041 0.165544 0.692995 0.266110 0.731646 0.577989 0.858728 0.248442 0.320775 0.361612 0.036816 0.028585 0.508685 0.333374 0.550458 0.720316 0.571619 0.226648 0.765569 0.043857 0.250068 0.021951 0.053872 0.971132 0.491668 0.571829 0.215239 0.415579 0.355349 0.512544 0.972041
0.762451 0.113520 0.337328 0.222290 0.000000 0.707005 0.599226 0.537775 0.969693 0.000000 0.266490 0.514055 0.263700 0.127164 0.192846 0.000000 0.374971 0.000000 0.567162 0.990606 1.000000 1.000000 0.603105 0.391289 0.615392 0.000000 0.649093 0.809732 1.000000 0.487935 0.342907 0.478847 0.521566 0.552863 0.902735 0.370662 0.120471 0.840627 1.000000 0.046669 0.414575 0.764968 0.098873 0.850017
0.745637 0.599551 0.896122 0.152512 0.317350 0.527843 0.144384 0.486239 0.496668 0.967286 0.865767 0.617460 0.435054 0.832896 0.673337 0.000000 0.306314 0.928570 0.363000 0.433810 0.000000 0.754487 0.567978 0.649143 0.219451 0.529533 0.617169 0.932893 0.653248 0.430161 0.616587 0.446950 0.644101 0.584215 0.458117 0.712671 0.000000 1.000000 0.000000 1.000000 0.316397 1.000000 0.158910 0.206650
0.289751 0.694785 0.161221 0.880468 0.929698 0.624354 0.808120 0.295634 0.633404 0.105494 0.871461 0.456535 0.803672 0.218440 0.186570 0.416510 0.489290 0.883280 0.539342 0.015672 0.807440 0.122088 0.896091 0.356298 0.318003 0.906828 0.110052 0.272132 0.227935 0.647690 0.427108 0.000520 0.818015 0.352569 0.860731 0.304781 0.006952 0.164656 0.510747 0.534089 0.417411 0.484830 0.222108 0.692436
0.925847 0.838906 0.514204 0.111105 0.060527 0.146632 0.233232 0.097150 0.655835 0.258256 1.000000 0.541963 0.570159 0.040253 0.265507 0.234435 0.650709 0.009784 0.562647 0.848173 0.782695 0.163409 0.120600 0.219481 0.741854 0.000000 0.566609 0.365321 1.000000 0.846942 0.355244 0.359654 0.678821 0.184947 0.921251 0.838534 0.054432 0.808057 0.980465 0.221272 0.715205 0.834114 0.087481 0.969953
0.581274 0.115594 0.681137 0.959139 0.000000 0.595222 0.921597 0.551654 0.071809 0.642778 0.536676 0.336608 0.755175 0.920575 0.807215 1.000000 0.697590 0.556279 0.761787 0.766311 0.377559 0.533334 0.732493 0.516798 0.160569 0.670544 0.840451 0.598618 0.519924 0.619945 0.760757 0.776907 0.433865 0.443055 0.683511 0.036267 0.524538 0.209518 0.721930 0.368815 0.117065 0.678798 0.038455 0.612537
0.582289 0.384474 0.897146 0.737101 0.520043 0.906134 0.280963 0.955624 0.127803 0.127969 0.890264 0.136082 0.455716 0.144215 0.620294 0.335660 0.277381 0.171518 0.188121 0.646848 0.463698 0.388268 0.353352 0.229395 0.741513 0.265730 0.047616 0.360345 0.974395 0.971696 0.986211 0.453241 0.697846 0.670942 0.507320 0.941754 0.309528 0.411207 0.813795 0.589267 0.684731 0.270958 0.162617 0.151705
0.456765 0.253952 0.519608 0.521730 0.014250 0.351774 0.666864 0.535323 0.962260 0.055637 0.029974 0.391155 0.307871 0.106084 0.704519 0.939820 0.201853 0.731061 0.673432 0.175369 0.969912 0.188349 0.093901 0.730829 0.583824 0.215965 0.473869 0.234561 0.868142 0.199568 0.177150 0.255307 0.692942 0.023006 0.866892 0.316641 0.944614 0.374297 0.683248 0.031031 0.497175 0.244147 0.617847 0.812358
0.047344 0.000000 0.904909 0.516187 0.542596 0.978402 0.393717 1.000000 0.888061 0.000000 1.000000 0.251636 0.776062 0.036013 0.316480 0.000000 0.066238 0.444882 0.373284 0.164700 0.687359 0.489474 0.249045 0.000000 0.470734 0.000000 0.209650 0.000000 0.790902 1.000000 0.570225 0.675062 0.963562 0.359136 0.461274 0.730396 0.000000 0.592736 0.153578 0.433771 0.095057 0.980332 0.136353 0.799799
0.848210 1.000000 0.767324 0.577554 0.240287 0.500970 0.143217 0.314403 0.000000 0.993867 0.165575 0.209100 0.817980 0.904707 0.164942 1.000000 0.741222 0.000000 0.958509 0.767552 1.000000 0.000000 0.000000 0.000000 1.000000 0.295010 0.109716 0.429567 1.000000 0.915649 0.793138 0.233635 0.916867 0.000000 0.054387 0.155643 0.000000 0.000000 1.000000 0.000000 0.949947 0.000000 0.000000 0.589915
0.546202 0.388099 0.844394 0.699561 0.552626 0.840711 0.308910 0.907634 0.181122 0.177214 0.862252 0.182325 0.429709 0.174961 0.635549 0.340296 0.360961 0.209886 0.209966 0.627534 0.479128 0.416329 0.369000 0.229036 0.707754 0.328494 0.049196 0.354395 0.914454 0.945036 0.930532 0.450059 0.633526 0.626590 0.504087 0.860433 0.381880 0.419620 0.734309 0.584349 0.625890 0.288635 0.190816 0.200315
0.077173 0.372148 0.885859 0.455309 0.058753 0.617483 0.390585 0.493633 0.836562 0.551615 0.084654 0.490909 0.216716 0.412184 0.726023 0.812228 0.711509 0.000000 0.677084 0.604306 0.712758 0.566159 0.553126 0.773367 0.221994 0.596940 0.369729 0.887324 0.137397 0.980969 0.951671 0.328220 0.613694 0.208275 0.386119 0.428192 0.423681 0.267221 1.000000 0.622458 0.136265 0.977133 0.612441 0.092367
0.454740 0.254225 0.253380 0.521730 0.488847 0.342653 0.665574 0.532245 0.139651 0.850607 0.029974 0.132715 0.307930 0.157204 0.704681 0.853020 0.031280 0.732899 0.646234 0.619701 0.906720 0.561508 0.093901 0.730829 0.672602 0.156164 0.443750 0.241007 0.806531 0.963347 0.185494 0.254071 0.040419 0.661632 0.844273 0.964045 0.944399 0.117608 0.689494 0.017516 0.497175 0.244147 0.024066 0.827900
0.906255 0.787127 0.511762 0.974835 0.271950 0.371207 0.760688 0.428887 0.449740 0.119924 0.821945 0.268139 0.065366 0.142720 0.487571 0.939890 0.204187 0.046501 0.095478 0.162381 0.969630 0.188834 0.139245 0.345920 0.532421 0.315190 0.411096 0.765412 0.347343 0.086425 0.891489 0.238020 0.674030 0.732449 0.657632 0.562907 0.963609 0.384677 0.553922 0.882136 0.936822 0.393448 0.646039 0.830846
0.925847 0.838906 0.514204 0.111105 0.060527 0.146632 0.233232 0.097150 0.655835 0.258256 1.000000 0.541963 0.570159 0.040253 0.265507 0.234435 0.650709 0.009784 0.562647 0.848173 0.782695 0.163409 0.410676 0.219481 0.741854 0.000000 0.566609 0.365321 1.000000 0.846942 0.355244 0.359654 0.678821 0.184947 0.921251 0.838534 0.054432 0.808057 0.980465 0.221272 0.715205 0.834114 0.087481 0.969953
0.000000 1.000000 0.996025 0.487937 0.853090 0.845193 0.791539 0.434020 0.553078 0.396290 0.376561 0.944999 0.337710 0.435276 0.155742 0.701112 0.257185 0.740938 0.586004 0.872415 0.227451 0.316696 0.344536 0.000000 0.014122 0.512493 0.332091 0.551776 0.731312 0.568822 0.209424 0.786499 0.032050 0.248101 0.000000 0.027268 1.000000 0.494380 0.578032 0.197227 0.416660 0.355656 0.753848 1.000000
0.084838 0.233228 0.986640 0.581305 0.374271 0.863139 0.370642 0.880360 0.812800 0.236685 0.411648 0.907694 0.179809 0.591889 0.753378 0.350218 0.376260 0.708181 0.083501 0.481667 0.777147 0.338565 0.917287 0.718786 0.424222 0.248724 0.269355 0.330253 0.111197 0.434452 0.492625 0.253682 0.011354 0.405202 0.468661 0.571473 0.056303 0.740974 0.118818 0.767195 0.117526 0.822790 0.649210 0.744212
1.000000 0.849817 0.639904 0.000000 0.215134 0.322612 0.151793 0.363267 0.420855 0.783185 1.000000 0.569358 0.536462 0.550059 0.463084 0.038687 0.440423 0.501206 0.536390 0.399321 0.349730 0.383653 0.421164 0.323002 0.693120 0.331847 0.802872 0.855658 0.999824 0.389610 0.553263 0.363638 0.904600 0.578298 0.929815 0.961995 0.000000 1.000000 0.394299 0.758692 0.599835 0.959045 0.000000 0.498971
0.430848 0.573318 0.876616 0.360361 0.450291 0.668626 0.261378 0.698978 0.536767 0.593816 0.663026 0.931033 0.363841 0.677486 0.672465 0.029051 0.489573 0.638285 0.218389 0.422832 0.781775 0.530360 0.802955 0.490858 0.764185 0.178419 0.661618 0.635511 0.634945 0.291604 0.489518 0.599696 0.547677 0.644690 0.566540 0.777669 0.000000 0.623655 0.213338 0.746476 0.390373 0.636670 0.220394 0.374641
0.289751 0.694785 0.145569 0.880468 0.929698 0.623600 0.808120 0.295634 0.579650 0.104740 0.871461 0.456535 0.826380 0.435107 0.186690 0.416510 0.844517 0.874317 0.538727 0.846594 0.241556 0.122088 0.381405 0.379311 0.318003 0.892364 0.108217 0.271664 0.259222 0.647690 0.427108 0.000520 0.086525 0.352569 0.860731 0.307842 0.953444 0.173558 0.510747 0.534089 0.417162 0.494641 0.509329 0.698413
0.039672 0.952658 0.988883 0.490819 0.825238 0.839990 0.771339 0.433884 0.632795 0.409355 0.386510 0.885697 0.342825 0.219957 0.169086 0.685007 0.322662 0.743701 0.569820 0.322408 0.824919 0.329677 0.883587 0.041005 0.036789 0.532520 0.341007 0.544824 0.709737 0.574361 0.242909 0.749589 0.779359 0.250318 0.039077 0.072495 0.004791 0.425259 0.562556 0.224843 0.417408 0.341405 0.232351 0.947571
0.829949 0.304655 0.672507 0.936439 0.410501 0.612873 0.066584 0.649191 0.368132 0.323442 1.000000 0.231616 0.573805 0.474679 0.967501 0.583231 0.311803 0.181508 0.439059 0.575062 0.265100 0.362300 0.307226 0.292470 1.000000 0.707594 0.499452 0.107263 0.104969 0.420596 1.000000 0.616385 0.461355 0.449385 0.870087 0.359308 0.000000 0.000000 0.372332 0.796031 0.154345 0.934551 0.207998 0.577054
0.834137 0.296286 0.246082 0.630717 0.000000 0.689533 0.669064 0.588080 0.327046 0.000000 0.271448 0.588955 0.812904 0.262988 0.795327 0.214678 0.558553 0.735184 0.497932 0.371728 0.669107 0.561219 0.666287 0.862770 0.457889 0.293373 0.000000 0.651647 0.918436 0.388848 0.714550 0.114938 0.762708 0.220855 0.516223 0.672648 0.839833 0.485931 0.646493 0.382723 0.926115 0.000000 0.682754 0.000000
0.077173 0.372148 0.590447 0.162451 0.058753 0.617483 0.390585 0.493633 0.836562 0.551615 0.084654 0.490909 0.216716 0.412184 0.726023 0.812228 0.711509 0.000000 0.677084 0.604306 0.712758 0.566159 0.553126 0.773367 0.221994 0.596940 0.369729 0.887324 0.137397 0.980969 0.951671 0.328220 0.613694 0.208275 0.386119 0.496033 0.423681 0.267221 1.000000 0.622458 0.136265 0.977133 0.612441 0.092367
0.136886 0.263684 0.732215 0.347526 0.873890 0.732185 0.597413 0.561286 0.600517 0.633098 0.554878 0.603665 0.175371 0.573294 0.914412 0.838107 0.418771 0.404382 0.383139 0.770911 0.518918 0.552283 0.046966 0.353871 0.166283 0.599229 0.738034 0.184371 0.082799 0.330173 0.603152 0.770986 0.245349 0.068250 0.389296 0.837079 0.322736 0.437193 0.355673 0.915514 0.719046 0.721533 0.297122 0.610405
0.868905 0.864609 0.570610 0.768519 0.030387 0.694480 0.930949 0.795510 0.689527 0.918678 0.676513 0.600610 0.215675 0.940875 0.658885 0.826839 0.393864 0.666972 0.651233 0.577185 0.106593 0.348574 0.657845 0.159287 0.999414 0.604954 0.048212 0.318112 0.977174 0.866439 0.406908 0.993337 0.870753 0.752428 0.782385 0.090482 0.567016 0.288686 0.738449 0.109110 0.878516 0.650512 0.404140 0.765191
0.861979 0.387845 0.502472 0.993270 0.561792 0.756445 0.138463 0.777097 0.167949 0.385820 0.924084 0.402736 0.736048 0.371828 0.773219 0.522322 0.132295 0.555537 0.480044 0.573342 0.247593 0.394986 0.525293 0.500712 0.667022 0.844648 0.352232 0.347800 0.099467 0.599854 0.749790 0.487669 0.516326 0.419440 0.512239 0.368757 0.128483 0.024760 0.520749 0.635795 0.107022 0.723547 0.481066 0.516700
0.949118 0.330837 0.575430 0.915255 0.615766 0.780890 0.155019 0.810167 0.176740 0.584642 0.874284 0.603870 0.691109 0.406859 0.489431 0.393207 0.116656 0.841033 0.469585 0.708344 0.222778 0.379640 0.379705 0.515106 0.540239 0.675184 0.451958 0.377489 0.342500 0.768252 0.561305 0.370050 0.564564 0.261101 0.370221 0.394337 0.242146 0.079154 0.585522 0.522069 0.271672 0.671523 0.671625 0.613981
0.861979 0.387287 0.901772 0.992809 0.561792 0.756445 0.138201 0.777097 0.167949 0.357675 0.620890 0.933312 0.736048 0.371828 0.773219 0.522322 0.132295 0.565273 0.506004 0.573342 0.247593 0.394986 0.421054 0.501015 0.982940 0.815018 0.352232 0.347800 0.099467 0.599854 0.749790 0.988503 0.516326 0.419440 0.512239 0.657632 0.128483 0.026178 0.022722 0.687177 0.107022 0.077590 0.527491 0.516700
0.184225 0.364251 0.494689 0.733097 0.654293 0.820378 0.152366 0.313162 0.440323 0.826737 0.902103 0.437180 0.083464 0.856874 0.882416 0.117644 0.803604 0.729994 0.479247 0.319667 0.967127 0.988416 0.522000 0.485056 0.668192 0.152064 0.667920 0.725186 0.634671 0.323011 0.165955 0.496245 0.881928 0.979782 0.427490 0.367259 0.162233 0.128409 0.510634 0.635479 0.559756 0.738987 0.480975 0.029364
1.000000 0.258526 0.491367 0.848232 0.528416 0.835043 0.191340 0.796609 0.203310 0.453916 0.880805 0.566313 0.616162 0.330096 0.467248 0.284596 0.075086 0.728165 0.517578 0.743749 0.147119 0.421824 0.439840 0.493102 0.471181 0.572101 0.423694 0.380993 0.362058 0.782690 0.555482 0.442560 0.635531 0.264439 0.425708 0.443830 0.247024 0.127892 0.725603 0.400112 0.213431 0.646402 0.725123 0.630965
0.790039 0.822419 0.527519 0.237179 0.000000 0.128409 0.259053 0.019865 0.635222 0.350811 1.000000 0.561197 0.662907 0.090638 0.226715 0.412684 0.680402 0.000000 0.535443 0.825972 0.853043 0.089328 0.037165 0.279238 0.807123 0.004718 0.544746 0.442120 1.000000 0.861341 0.305827 0.358935 0.609663 0.156315 0.977438 0.774040 0.072243 0.831316 0.940778 0.174229 0.748740 0.792523 0.000000 0.982016
0.231075 0.196113 0.671893 0.505508 0.019711 0.595049 0.104109 0.339271 0.799916 0.569444 0.178545 0.887460 0.652746 0.556722 0.238183 0.720813 0.099441 0.296063 0.243172 0.988729 0.722267 0.603197 0.855696 0.806850 0.830220 0.962649 0.397184 0.944410 0.668085 0.141082 0.204984 0.406392 0.293148 0.323990 0.896336 0.086925 0.013002 0.633241 0.085509 0.735905 0.207886 0.848128 0.026532 0.122777
0.449902 0.775709 1.000000 0.721973 0.736773 0.812752 0.095926 0.683859 0.194244 0.696073 0.611418 0.888932 0.269845 0.837121 0.794627 1.000000 0.080239 0.360893 0.364821 0.998303 0.546625 0.320221 0.388002 0.092982 0.894997 0.786813 0.541751 0.062332 0.596162 0.974451 0.853398 0.813366 0.223390 0.369321 0.252488 0.043952 0.193688 0.000000 0.312373 0.776670 0.102067 0.573501 0.463637 0.903300
0.746071 0.274962 1.000000 0.410416 0.766963 1.000000 0.781496 0.272076 1.000000 0.569620 0.077818 0.846318 0.259966 0.203642 0.000000 0.000000 0.000000 0.103015 0.172375 0.662829 0.000000 0.665362 0.034438 0.238791 0.000000 0.264980 0.647873 1.000000 0.808752 0.062867 0.408401 1.000000 0.053712 0.259820 0.146479 0.060510 1.000000 1.000000 0.463873 0.489333 0.184491 0.737420 0.616046 0.525712
0.437998 0.607949 0.021453 0.531317 0.000000 0.316886 1.000000 1.000000 1.000000 1.000000 0.181743 1.000000 0.020753 1.000000 1.000000 0.657853 0.488627 0.949361 0.423712 0.849437 0.479536 0.738747 0.477893 0.314915 0.982376 1.000000 0.049116 0.722429 1.000000 1.000000 0.523088 0.859413 0.651200 0.000000 0.417336 0.000000 0.486030 0.382685 0.000000 0.817584 0.360586 0.091732 1.000000 1.000000
0.504960 0.568168 0.000000 0.369670 0.410446 0.000000 0.934143 0.457104 0.679930 0.849699 0.525707 0.570912 0.662084 0.000000 0.721604 0.570609 0.644116 0.211913 0.323131 0.868818 0.021469 0.437206 0.890319 0.000000 0.726401 1.000000 0.000000 0.354817 0.844762 0.888950 0.268402 0.176438 0.294341 0.000000 0.614602 0.000000 0.806165 0.680478 0.363731 0.608657 0.111103 0.833783 0.000000 0.581357
0.681243 0.209195 0.673915 0.413869 0.677036 0.772605 0.232780 0.562236 0.000000 0.000000 0.783666 0.000000 0.176847 0.000000 0.857235 0.525897 0.303840 0.990796 1.000000 0.805295 0.476981 0.989075 0.637455 0.404185 0.017451 0.247099 0.152130 0.280710 0.523797 0.758682 0.240958 0.172561 0.302171 0.682739 0.870891 0.508084 0.491958 0.080113 1.000000 0.065078 0.141920 1.000000 0.209863 0.508193
0.470569 0.132608 0.103322 0.828239 0.146990 0.355135 0.977454 0.252061 1.000000 0.604367 0.472794 1.000000 0.168196 0.963738 0.300322 1.000000 0.092419 0.000000 0.603791 1.000000 0.732159 0.455805 0.768907 0.385661 0.717645 0.218337 0.080297 1.000000 0.000000 0.336067 0.000000 0.753652 0.298074 0.000000 0.123935 0.000000 0.595950 0.448523 0.043191 0.513018 0.450768 0.381539 0.471179 0.934174
0.407540 0.193737 0.728665 0.559717 0.163385 0.592450 0.654428 0.368961 0.198548 0.939909 0.367731 0.256913 0.725592 0.871832 0.422576 0.688549 0.396604 0.466749 0.285751 0.591122 0.497016 0.528480 0.781007 0.880638 0.873999 0.089345 0.894367 0.267301 0.523547 0.531556 0.214232 0.834250 0.642423 0.824045 0.348415 0.056922 0.568062 0.387407 0.588180 0.896131 0.000000 0.097882 1.000000 0.722715
0.573582 0.434568 0.638304 0.666720 0.458340 0.524203 0.468864 0.521849 0.088848 0.823832 0.567223 0.421931 0.913913 0.784134 0.478319 0.658952 0.493421 0.712948 0.386662 0.600131 0.495077 0.428929 0.792773 0.656351 0.882350 0.388100 0.796453 0.184156 0.487838 0.623727 0.282927 0.651442 0.743808 0.736434 0.478371 0.224207 0.414237 0.112117 0.568514 0.839049 0.143321 0.208458 0.730662 0.662184
0.561286 0.395528 0.859185 1.000000 0.181633 0.731396 0.232951 0.884831 0.715235 0.339941 0.578867 0.784706 0.032718 0.209533 0.739871 0.593407 0.130022 0.415952 0.255350 0.487856 0.445862 0.263888 0.214322 0.021794 0.756593 0.628485 0.000000 0.705352 0.969655 0.274653 1.000000 0.532191 0.578611 0.080066 0.427498 0.549334 0.331986 0.374295 0.273151 0.887309 0.528264 0.561782 0.048694 0.286848
0.327410 0.529424 1.000000 0.779559 0.000000 0.774967 0.121632 0.938549 0.627765 0.116394 0.850492 0.387788 0.357876 0.766302 0.635359 0.624779 0.116349 0.515857 0.484328 0.689455 0.161235 0.700843 0.000000 0.035206 0.702125 0.273162 0.116574 0.477443 1.000000 0.431815 0.824881 0.650630 0.405892 0.156159 0.893017 0.200875 0.986708 0.513048 0.857060 0.233813 0.573952 0.865950 0.000000 0.000000
0.269243 0.737405 0.377284 0.182284 0.020071 0.563965 0.322079 0.840710 0.211448 0.089204 0.327497 0.535336 0.119762 0.233216 0.890527 0.342927 0.593592 0.473970 0.679102 0.355104 0.789171 0.648823 0.498442 0.479582 0.086920 0.867226 0.537107 0.736822 0.586841 0.557742 0.745439 0.586535 0.431660 0.564459 0.127580 0.378773 0.283776 0.337447 0.363082 0.899647 0.645917 0.607555 0.570778 0.244353
1.000000 0.355870 0.878586 0.997235 0.117823 1.000000 0.000000 1.000000 1.000000 0.033664 1.000000 1.000000 0.326476 0.181252 0.918799 0.197814 0.070688 1.000000 0.641427 0.658793 0.000000 0.062900 0.000000 0.121597 0.626930 1.000000 0.000000 0.251155 1.000000 0.994027 1.000000 0.445443 0.836353 0.000000 0.226417 0.312468 0.000000 0.295188 0.543325 0.000000 1.000000 1.000000 0.423012 0.017454
0.703763 0.223225 0.000000 0.323224 0.238806 0.474109 0.201874 0.000000 0.439725 0.316307 0.423745 0.593900 0.709869 0.000000 0.172144 0.382485 0.021954 0.608585 0.386032 0.731540 0.640210 0.398403 0.327356 0.921358 0.757211 0.000000 0.547878 0.184787 0.130562 0.642933 0.247828 0.385020 0.222810 0.937258 0.255891 0.944966 0.797977 0.186701 0.733546 0.470880 0.000000 0.259579 1.000000 1.000000
0.483986 0.120866 0.458444 0.000000 0.893235 0.755470 0.372219 0.474660 0.332824 0.322592 0.332957 0.797142 0.905871 0.268092 0.790910 0.165553 0.410574 1.000000 0.517612 0.436788 0.392716 0.436744 0.547601 0.927880 0.304584 0.766610 0.245223 0.000000 0.757935 1.000000 0.221492 0.605913 0.520996 0.361284 0.266735 0.471908 0.091942 0.584216 0.598009 0.000000 0.000000 0.377505 0.680119 0.783450
0.659480 0.539893 0.465702 0.100945 0.727743 0.559283 0.236738 0.168863 0.578584 0.012812 0.929102 0.928714 0.847193 0.160534 0.367822 0.000000 0.955100 0.595563 0.829028 0.751100 0.620453 0.091419 0.637580 0.466065 0.644261 0.288293 0.379293 0.000000 0.763887 0.991125 0.006754 0.612851 0.822508 0.000000 0.518405 0.620628 0.000000 0.848912 0.875185 0.000000 0.129424 0.714039 0.552809 0.943583
0.170888 0.194839 0.670034 0.820861 0.934595 0.760333 0.556763 0.535037 0.104964 0.476619 0.279979 0.840514 0.769493 0.197785 0.533524 0.967994 0.441116 0.737973 0.425679 0.202672 0.348921 0.735523 0.242410 0.501470 0.114837 0.707265 0.610620 0.767780 0.288631 0.087290 0.581238 0.841886 0.154363 0.417870 0.481140 0.321939 0.532589 0.593883 0.051824 0.888368 0.336604 0.454268 0.137060 0.513916
0.672518 0.740785 0.750984 0.946195 0.786360 0.716708 0.789618 0.113465 0.557855 0.930929 0.494420 0.972317 0.057559 0.995931 0.203049 0.055871 0.324094 0.710015 0.887462 0.585432 0.509605 0.706556 0.117067 0.997022 0.142992 0.687995 0.761511 0.836964 0.618218 0.866869 0.101123 0.502698 0.084107 0.940235 0.675967 0.221280 0.072763 0.396652 0.821860 0.372759 0.706242 0.146605 0.078704 0.548013
0.084838 0.233228 0.986640 0.581305 0.374271 0.863139 0.370642 0.880360 0.812800 0.236685 0.637837 0.907694 0.986001 0.591889 0.753378 0.350218 0.585935 0.708181 0.083501 0.481667 0.777147 0.377988 0.558404 0.705084 0.424222 0.248724 0.906354 0.330253 0.111197 0.434452 0.492625 0.253682 0.011354 0.405202 0.468661 0.571473 0.056303 0.740974 0.118818 0.767195 0.117526 0.822790 0.649210 0.744212
0.868905 0.864609 0.570610 0.768519 0.030387 0.694480 0.930949 0.795510 0.689527 0.918678 0.676513 0.600610 0.215675 0.940875 0.658885 0.826839 0.393864 0.666972 0.651233 0.577185 0.106593 0.580412 0.657845 0.159287 0.999414 0.604954 0.048212 0.318112 0.977174 0.866439 0.406908 0.993337 0.870753 0.752428 0.782385 0.090482 0.567016 0.288686 0.738449 0.563331 0.294380 0.650512 0.404140 0.765191
0.753106 0.415428 0.441898 1.000000 0.975340 0.826153 0.413480 0.696257 0.314029 0.596249 0.707742 0.709666 0.212339 0.164827 1.000000 0.286593 0.145469 0.527544 0.054556 0.153483 0.792523 0.256949 0.466515 0.389102 0.661502 0.327655 0.429706 0.474394 0.146470 0.227881 0.923029 0.456644 0.229290 0.722253 0.416900 0.871518 0.219355 0.205813 0.257449 1.000000 0.515190 0.353253 0.411168 0.847346
0.530078 0.147450 0.063787 0.565988 0.208650 0.474120 0.274595 0.000000 0.985934 0.816750 0.206424 1.000000 0.407650 0.060637 0.332926 0.908385 0.000000 0.050273 0.000000 0.777507 1.000000 0.458346 0.538412 0.892048 0.583577 0.929011 0.276843 1.000000 0.626365 0.000000 0.382863 0.199595 0.043475 0.342512 1.000000 0.206321 0.189953 0.812737 0.000000 0.984309 0.520250 0.660559 0.000000 0.505569
0.172482 0.616670 0.927667 0.945080 0.532511 0.563194 0.331518 0.622716 0.384248 0.637141 0.708910 0.591094 0.481233 0.913552 0.625861 0.921679 0.613166 0.968326 0.554617 0.593327 0.739173 0.458195 0.121062 0.510537 0.782557 0.713559 0.374560 0.274799 0.401736 0.781780 0.445061 0.307311 0.220894 0.434718 0.470975 0.197348 0.579762 0.010023 0.350991 0.569346 0.581369 0.654353 0.515481 0.651014
0.680966 0.727169 0.878297 0.254681 0.163564 0.462666 0.063659 0.531949 0.543941 0.645267 0.924197 0.598191 0.472415 0.735948 0.529048 0.157157 0.189577 0.652925 0.427234 0.629664 0.063078 0.674968 0.262313 0.304712 0.443678 0.321626 0.533800 0.802518 0.965612 0.506184 0.633054 0.551862 0.545973 0.335835 0.756050 0.633473 0.371882 0.979161 0.485442 0.592492 0.483328 1.000000 0.000000 0.184222
1.000000 0.643155 0.279829 0.877070 0.290398 0.515325 0.678766 1.000000 0.000000 0.038700 1.000000 0.433243 0.191505 1.000000 0.985695 0.000000 0.340753 0.810645 0.485152 0.667636 0.325852 0.839809 0.571811 0.232469 0.541504 0.662991 0.089025 0.321229 0.000948 0.548629 1.000000 0.430349 0.223336 0.634730 0.666479 0.611237 0.370161 0.148655 0.352747 0.121481 0.281999 0.857515 0.056028 0.435124
0.934852 0.398725 0.367110 0.571437 0.199880 0.579499 0.168728 0.949726 0.234290 0.316639 0.844699 0.646094 0.124659 0.472514 0.927397 0.053612 0.394854 0.766819 0.496753 0.337779 0.273243 0.617815 0.435893 0.113395 0.310730 0.853310 0.308608 0.600995 0.369886 0.609630 0.993398 0.280964 0.694985 0.442986 0.541453 0.621746 0.000000 0.561003 0.063459 0.715973 0.692084 1.000000 0.350403 0.153491
0.138124 0.371155 0.918469 0.722636 0.671193 0.826022 0.141223 0.284525 0.440051 0.819505 0.600585 1.000000 0.035626 0.885698 0.904607 0.088968 0.838185 0.746766 0.514629 0.283986 1.000000 1.000000 0.401511 0.491881 1.000000 0.097342 0.675427 0.758086 0.658062 0.310275 0.134681 1.000000 0.901705 1.000000 0.421593 0.675267 0.161075 0.122872 0.000000 0.700515 0.590692 0.050260 0.514625 0.001604
0.173368 0.365367 0.906763 0.738651 0.657792 0.826752 0.138151 0.315967 0.444631 0.805724 0.614019 0.978533 0.071643 0.862432 0.885067 0.106896 0.811931 0.746410 0.501631 0.318333 0.974529 1.000000 0.420331 0.476620 0.986542 0.113258 0.673329 0.736543 0.636513 0.312530 0.151700 1.000000 0.882625 0.989586 0.426186 0.663565 0.152067 0.129026 0.000000 0.695061 0.568087 0.083129 0.526695 0.018540
0.241572 1.000000 0.689097 0.000000 0.073738 0.282877 0.000000 0.478892 0.006094 0.007404 0.785786 0.793410 0.144379 0.937691 0.596550 0.537771 0.478907 0.982462 0.150041 0.759154 0.532344 0.166936 0.221756 0.478624 0.611641 0.446053 0.417564 0.432109 1.000000 1.000000 0.239516 0.792555 0.000000 0.402195 0.319668 0.278757 0.968083 0.000000 1.000000 0.938944 0.486838 0.097462 0.185615 1.000000
0.683917 0.533878 0.631997 0.360004 1.000000 0.156870 0.564304 0.470508 1.000000 0.511984 0.492081 0.619847 0.177812 0.000000 0.728478 0.091443 0.526786 0.091082 0.740437 0.226525 0.776053 0.000000 0.000000 0.105572 0.631562 0.056992 0.650141 0.000000 0.255273 0.184067 0.522185 0.000000 0.710589 0.215096 0.403773 1.000000 0.000000 1.000000 0.000000 0.461353 1.000000 1.000000 0.000000 0.637496
0.214266 0.141943 1.000000 0.686508 0.182967 0.727968 0.335306 0.589707 0.715696 0.807795 0.619021 0.589860 0.729853 0.607688 0.487768 0.301149 0.194932 0.403922 0.249814 0.598958 0.855939 0.694533 0.009621 0.669174 0.777955 0.161314 0.737975 0.702793 0.600574 0.541767 0.459638 0.553471 0.037665 0.197091 0.007408 0.459113 0.493192 0.386339 0.323310 0.702787 0.479678 0.804439 0.045295 0.662083
0.561286 0.395528 0.859185 1.000000 0.333619 0.894898 0.232951 0.883696 0.770007 0.339941 0.578867 0.784706 0.032718 0.230715 0.656656 0.593407 0.130022 0.415952 0.255091 0.488619 0.445862 0.280334 0.204701 0.021794 0.435133 0.628485 0.000000 0.667882 0.969655 0.278046 1.000000 0.341152 0.607962 0.077179 0.420090 0.549334 0.331986 0.741521 0.273151 0.887309 0.528106 0.561782 0.968289 0.292813
0.056367 0.311444 1.000000 0.227396 0.591275 1.000000 0.399003 0.379306 0.054762 0.744250 0.335197 0.205580 0.802853 0.787790 0.004632 0.646420 0.426328 0.114267 0.127794 0.414505 0.537396 0.863518 0.919856 0.922960 0.346346 0.465700 0.346953 0.480837 0.737501 0.918455 0.452218 0.587068 0.224605 0.032847 0.452440 0.912749 0.140857 0.248226 0.176387 0.577632 0.199182 0.165513 0.418925 0.033879
0.797605 0.822419 0.527519 0.256402 0.000000 0.707873 0.259053 0.019865 0.509016 0.350811 1.000000 0.912835 0.341566 0.105166 0.226715 0.408923 0.680338 0.002672 0.535443 0.425915 0.782028 0.522294 0.063594 0.252527 0.807123 0.003853 0.544746 0.442120 1.000000 0.861341 0.305827 0.358935 0.609663 0.627416 0.950394 0.774040 0.071656 0.831316 0.940778 0.166346 0.390711 0.637388 0.000000 0.982016
0.423283 0.573318 0.876616 0.360759 0.450291 0.089163 0.261378 0.698978 0.662973 0.593816 0.663026 0.579395 0.699493 0.662959 0.672465 0.032812 0.489638 0.635614 0.218389 0.822889 0.852789 0.097393 0.776526 0.517568 0.764185 0.179283 0.661618 0.635511 0.634945 0.291604 0.489518 0.599696 0.547677 0.173589 0.593584 0.777669 0.000587 0.623655 0.213338 0.754360 0.748401 0.791804 0.220394 0.374641
0.449488 0.263684 0.900019 0.266498 0.873890 0.732185 0.597413 0.250731 0.600517 0.633098 0.665037 0.494274 0.175371 0.000000 0.914412 0.838107 0.418771 0.404382 0.383139 0.770911 0.518918 0.422036 0.046966 0.353871 0.166283 0.958627 0.738034 0.184371 1.000000 0.090337 0.603152 0.770986 0.245349 0.068250 0.389296 0.837079 0.288694 0.437193 0.355673 0.915514 0.249725 0.721533 0.297122 0.610405
0.625636 0.445225 0.804252 0.858957 0.224001 0.745918 0.263786 0.975797 0.711752 0.401073 0.545720 0.820134 0.116266 0.170535 0.643395 0.572976 0.149010 0.435015 0.234155 0.459000 0.497447 0.182123 0.196445 0.028015 0.771560 0.710131 0.046968 0.765135 1.000000 0.234305 1.000000 0.536036 0.504233 0.086107 0.476856 0.556716 0.291554 0.451318 0.298279 0.831741 0.559877 0.572175 0.036500 0.287578
0.226259 0.669372 0.162108 0.993926 0.932042 0.613973 0.820644 0.197206 0.644469 0.033912 0.908024 0.407601 0.780158 0.220278 0.217929 0.442160 0.908893 0.883911 0.567026 0.331243 0.778401 0.156582 0.945171 0.357380 0.277542 0.873675 0.059566 0.203439 0.149265 0.695839 0.377840 0.000000 0.892243 0.341028 0.846837 0.278518 0.023195 0.097626 0.513343 0.569636 0.382182 0.473121 0.231606 0.720456
0.076492 0.322327 0.986640 0.586561 0.395966 0.843930 0.370642 0.880360 0.857313 0.233297 0.947249 0.991122 0.974388 0.425415 0.808139 0.350218 0.376260 0.708181 0.083501 0.481667 0.776095 0.377988 0.558404 0.625902 0.798048 0.194736 0.651791 0.330253 0.078743 0.395774 0.492625 0.055276 0.011354 0.871394 0.468661 0.571473 0.377311 0.727845 0.119457 0.422615 0.605808 0.822790 0.634370 0.744212
0.885719 0.233452 0.740769 0.843415 0.675320 0.155829 0.702484 0.708911 0.344132 0.556208 0.293592 0.213082 0.820974 0.586255 0.755353 0.256207 0.867072 0.611514 0.913241 0.081594 0.512395 0.005185 0.501516 0.707077 0.424469 0.248262 0.904528 0.070941 0.734421 0.435462 0.795793 0.266124 0.890005 0.420425 0.337995 0.027617 0.054575 0.591994 0.093343 0.783054 0.089999 0.672026 0.050782 0.328153
